0.0;0.0;0.0;0.0;
0.0;0.0;0.0;0.0;
0.0;0.0;0.0;0.0;
0.0;0.0;0.0;0.0;
0.0;0.0;0.0;0.0;
0.0;0.0;0.0;0.0;
0.0;0.0;0.0;0.0;
0.0;0.0;0.0;0.0;
0.0;0.0;0.0;0.0;
0.0;0.0;0.0;0.0;
0.0;0.0;0.0;0.0;
0.0;0.0;0.0;0.0;
0.0;0.0;0.0;0.0;
0.0;0.0;0.0;0.0;
0.0;0.0;0.0;0.0;
0.0;0.0;0.0;0.0;
0.0;0.0;0.0;0.0;
0.0;0.0;0.0;0.0;
0.0;0.0;0.0;0.0;
0.0;0.0;0.0;0.0;
0.0;0.0;0.0;0.0;
0.0;0.0;0.0;0.0;
0.0;0.0;0.0;0.0;
0.0;0.0;0.0;0.0;
0.0;0.0;0.0;0.0;
0.0;0.0;0.0;0.0;
0.0;0.0;0.0;0.0;
0.0;0.0;0.0;0.0;
0.0;0.0;0.0;0.0;
0.0;47.36842105263156;0.0;0.0;
0.0;0.0;0.0;0.0;
0.0;0.0;0.0;0.0;
0.0;0.0;0.0;0.0;
0.0;0.0;0.0;0.0;
0.0;0.0;0.0;0.0;
0.0;0.0;0.0;0.0;
0.0;0.0;0.0;0.0;
0.0;0.0;0.0;0.0;
0.0;0.0;0.0;0.0;
0.0;0.0;0.0;0.0;
0.0;0.0;0.0;0.0;
0.0;0.0;0.0;0.0;
0.0;0.0;0.0;0.0;
0.0;0.0;0.0;0.0;
0.0;0.0;0.0;0.0;
0.0;0.0;0.0;0.0;
0.0;0.0;0.0;0.0;
0.0;0.0;0.0;0.0;
0.0;0.0;0.0;0.0;
0.0;0.0;0.0;0.0;
0.0;0.0;0.0;0.0;
0.0;0.0;0.0;0.0;
0.0;0.0;0.0;0.0;
0.0;0.0;0.0;0.0;
0.0;0.0;0.0;0.0;
0.0;0.0;0.0;0.0;
0.0;0.0;0.0;0.0;
0.0;0.0;0.0;0.0;
0.0;0.0;0.0;0.0;
0.0;0.0;0.0;0.0;
0.0;0.0;0.0;0.0;
0.0;0.0;0.0;0.0;
0.0;0.0;0.0;0.0;
0.0;0.0;0.0;0.0;
0.0;0.0;0.0;0.0;
0.0;0.0;0.0;0.0;
0.0;0.0;0.0;0.0;
0.0;0.0;0.0;0.0;
0.0;0.0;0.0;0.0;
0.0;0.0;0.0;0.0;
0.0;0.0;0.0;0.0;
0.0;0.0;0.0;0.0;
0.0;0.0;0.0;0.0;
0.0;0.0;0.0;0.0;
0.0;0.0;0.0;0.0;
0.0;0.0;0.0;0.0;
0.0;0.0;0.0;0.0;
0.0;0.0;0.0;0.0;
0.0;0.0;0.0;0.0;
0.0;0.0;0.0;0.0;
0.0;9.75273783606232;0.0;12.040417081558418;
0.0;0.0;10.836375373402577;13.378241201731576;
0.0;0.0;12.040417081558418;14.864712446368419;
0.0;0.0;13.378241201731576;16.516347162631575;
0.0;0.0;14.864712446368419;18.351496847368416;
0.0;0.0;16.516347162631575;20.390552052631573;
0.0;18.351496847368416;18.351496847368416;22.656168947368414;
0.0;0.0;20.390552052631573;25.17352105263157;
0.0;27.970578947368413;22.656168947368414;0.0;
0.0;0.0;0.0;0.0;
52.6315789473684;42.6315789473684;0.0;42.6315789473684;
0.0;0.0;47.36842105263156;38.36842105263156;
0.0;34.53157894736841;42.6315789473684;0.0;
0.0;0.0;0.0;0.0;
0.0;0.0;0.0;6.398771294240488;
0.0;0.0;5.758894164816439;7.109745882489431;
0.0;0.0;6.398771294240488;7.899717647210479;
0.0;0.0;7.109745882489431;8.777464052456088;
0.0;9.75273783606232;7.899717647210479;7.899717647210479;
0.0;0.0;8.777464052456088;7.109745882489431;
0.0;0.0;7.899717647210479;6.398771294240488;
0.0;0.0;7.109745882489431;5.758894164816439;
0.0;0.0;6.398771294240488;5.183004748334795;
0.0;0.0;5.758894164816439;4.664704273501316;
0.0;0.0;5.183004748334795;4.198233846151185;
0.0;0.0;4.664704273501316;3.7784104615360663;
0.0;0.0;4.198233846151185;3.40056941538246;
0.0;0.0;3.7784104615360663;3.060512473844214;
0.0;0.0;3.40056941538246;2.7544612264597927;
0.0;0.0;3.060512473844214;2.4790151038138135;
0.0;0.0;2.7544612264597927;2.231113593432432;
0.0;0.0;2.4790151038138135;2.008002234089189;
0.0;1.8072020106802704;2.231113593432432;1.8072020106802704;
0.0;0.0;2.008002234089189;1.6264818096122433;
0.0;0.0;1.8072020106802704;1.463833628651019;
0.0;0.0;1.6264818096122433;1.317450265785917;
0.0;0.0;1.463833628651019;1.1857052392073253;
0.0;0.0;1.317450265785917;1.0671347152865929;
0.0;0.0;1.1857052392073253;0.9604212437579336;
0.0;0.0;1.0671347152865929;0.8643791193821403;
0.0;0.0;0.9604212437579336;0.0;
0.0;0.0;0.0;0.0;
0.0;0.0;0.0;0.0;
0.0;0.0;0.0;0.0;
0.0;0.0;0.0;0.0;
0.0;0.0;0.0;0.0;
0.0;0.0;0.0;0.0;
0.0;0.0;0.0;0.0;
0.0;0.0;0.0;0.0;
0.0;0.0;0.0;0.0;
0.0;0.0;0.0;0.0;
0.0;0.0;0.0;0.0;
0.0;0.0;0.0;0.0;
0.0;0.0;0.0;0.0;
0.0;0.0;0.0;0.0;
0.0;0.0;0.0;0.0;
0.0;0.0;0.0;0.0;
0.0;0.0;0.0;0.0;
0.0;0.0;0.0;0.0;
0.0;0.0;0.0;0.0;
0.0;0.0;0.0;0.0;
10.836375373402577;8.777464052456088;0.0;0.0;
0.0;0.0;0.0;0.0;
0.0;0.0;0.0;0.0;
0.0;0.0;0.0;0.0;
0.0;0.0;0.0;0.0;
0.0;0.0;0.0;0.0;
20.390552052631573;16.516347162631575;0.0;0.0;
0.0;0.0;0.0;0.0;
25.17352105263157;31.07842105263157;0.0;0.0;
0.0;0.0;0.0;0.0;
47.36842105263156;38.36842105263156;0.0;0.0;
0.0;0.0;0.0;0.0;
38.36842105263156;31.07842105263157;0.0;0.0;
0.0;0.0;0.0;0.0;
0.0;0.0;0.0;0.0;
0.0;0.0;0.0;0.0;
0.0;0.0;0.0;0.0;
0.0;0.0;0.0;0.0;
8.777464052456088;10.836375373402577;0.0;0.0;
0.0;0.0;0.0;0.0;
0.0;0.0;0.0;0.0;
0.0;0.0;0.0;0.0;
0.0;0.0;0.0;0.0;
0.0;0.0;0.0;0.0;
0.0;0.0;0.0;0.0;
0.0;0.0;0.0;0.0;
0.0;0.0;0.0;0.0;
0.0;0.0;0.0;0.0;
0.0;0.0;0.0;0.0;
0.0;0.0;0.0;0.0;
0.0;0.0;0.0;0.0;
0.0;0.0;0.0;0.0;
2.008002234089189;1.6264818096122433;0.0;0.0;
0.0;0.0;0.0;0.0;
0.0;0.0;0.0;0.0;
0.0;0.0;0.0;0.0;
0.0;0.0;0.0;0.0;
0.0;0.0;0.0;0.0;
0.0;0.0;0.0;0.0;
0.0;0.0;0.0;0.0;
0.0;0.0;0.0;0.0;
0.0;0.0;0.0;0.0;
0.0;0.0;0.0;0.0;
0.0;0.0;0.0;0.0;
0.0;0.0;0.0;0.0;
0.0;0.0;0.0;0.0;
0.0;0.0;0.0;0.0;
0.0;0.0;0.0;0.0;
0.0;0.0;0.0;0.0;
0.0;0.0;0.0;0.0;
0.0;0.0;0.0;0.0;
0.0;0.0;0.0;0.0;
0.0;0.0;0.0;0.0;
0.0;0.0;0.0;0.0;
0.0;0.0;0.0;0.0;
0.0;0.0;0.0;0.0;
0.0;0.0;0.0;0.0;
0.0;0.0;0.0;0.0;
0.0;0.0;0.0;0.0;
0.0;0.0;0.0;0.0;
0.0;0.0;0.0;0.0;
9.75273783606232;7.899717647210479;0.0;0.0;
0.0;0.0;0.0;0.0;
0.0;0.0;0.0;2.231113593432432;
0.0;0.0;2.008002234089189;2.4790151038138135;
0.0;2.7544612264597927;2.231113593432432;0.0;
0.0;0.0;0.0;0.0;
18.351496847368416;18.351496847368416;0.0;0.0;
0.0;0.0;0.0;0.0;
27.970578947368413;27.970578947368413;0.0;34.53157894736841;
0.0;0.0;31.07842105263157;38.36842105263156;
42.6315789473684;0.0;34.53157894736841;0.0;
0.0;0.0;0.0;0.0;
34.53157894736841;0.0;0.0;27.970578947368413;
0.0;0.0;31.07842105263157;25.17352105263157;
0.0;22.656168947368414;27.970578947368413;0.0;
0.0;0.0;0.0;0.0;
0.0;14.864712446368419;0.0;12.040417081558418;
0.0;0.0;13.378241201731576;10.836375373402577;
9.75273783606232;0.0;12.040417081558418;0.0;
0.0;0.0;0.0;0.0;
0.0;0.002130724527518071;0.0;0.0;
0.0;0.0;0.0;0.0;
0.0;0.0032475606272185198;0.0;0.004009334107677185;
0.0;0.0;0.0036084006969094662;0.0044548156751968715;
0.0;0.0;0.004009334107677185;0.004949795194663191;
0.0;0.0;0.0044548156751968715;0.005499772438514656;
0.0;0.006110858265016284;0.004949795194663191;0.0;
0.0;0.0;0.0;0.0;
0.0;0.02163675351082617;0.0;0.026712041371390334;
0.0;0.0;0.0240408372342513;0.029680045968211482;
0.0;0.032977828853568314;0.026712041371390334;0.0;
0.0;0.0;0.0;0.0;
1.8072020106802704;0.0;0.0;1.463833628651019;
0.0;0.0;1.6264818096122433;1.317450265785917;
0.0;0.0;1.463833628651019;1.1857052392073253;
0.0;0.0;1.317450265785917;1.0671347152865929;
0.0;0.0;1.1857052392073253;0.9604212437579336;
0.0;0.0;1.0671347152865929;0.8643791193821403;
0.0;0.0;0.9604212437579336;0.7779412074439263;
0.0;0.0;0.8643791193821403;0.7001470866995336;
0.0;0.6301323780295803;0.7779412074439263;0.0;
0.0;0.0;0.0;0.0;
0.0;0.0;0.0;0.0;
0.0;0.0;0.0;0.0;
0.0;0.0;0.0;0.0;
0.0;0.0;0.0;0.0;
0.0;0.0;0.0;0.0;
0.0;0.0;0.0;0.0;
0.0;0.0;0.0;0.0;
0.0;0.0;0.0;0.0;
0.0;0.0;0.0;0.0;
0.0;0.0;0.0;0.0;
0.0;0.0;0.0;0.0;
0.0;0.0;0.0;0.0;
0.0;0.0;0.0;0.0;
0.0;0.0;0.0;0.0;
0.0;0.0;0.0;0.0;
0.0;0.0;0.0;0.0;
0.0;0.0;0.0;0.0;
0.0;0.0;0.0;0.0;
0.0;0.0;0.0;0.0;
8.777464052456088;7.109745882489431;0.0;0.0;
0.0;0.0;0.0;0.0;
0.0;0.0;0.0;0.0;
0.0;0.0;0.0;0.0;
2.4790151038138135;3.060512473844214;0.0;0.0;
0.0;0.0;0.0;0.0;
16.516347162631575;20.390552052631573;0.0;0.0;
0.0;0.0;0.0;0.0;
31.07842105263157;25.17352105263157;0.0;0.0;
0.0;0.0;0.0;0.0;
0.0;0.0;0.0;0.0;
0.0;0.0;0.0;0.0;
0.0;0.0;0.0;0.0;
0.0;0.0;0.0;0.0;
25.17352105263157;20.390552052631573;0.0;0.0;
0.0;0.0;0.0;0.0;
13.378241201731576;16.516347162631575;0.0;0.0;
0.0;0.0;0.0;0.0;
0.0;0.0;0.0;0.0;
0.0;0.0;0.0;0.0;
0.0019176520747662639;0.002367471697242301;0.0;0.0;
0.0;0.0;0.0;0.0;
0.0036084006969094662;0.002922804564496668;0.0;0.0;
0.0;0.0;0.0;0.0;
0.0;0.0;0.0;0.0;
0.0;0.0;0.0;0.0;
0.005499772438514656;0.00678984251668476;0.0;0.0;
0.0;0.0;0.0;0.0;
0.0240408372342513;0.019473078159743553;0.0;0.0;
0.0;0.0;0.0;0.0;
0.029680045968211482;0.036642032059520345;0.0;0.0;
0.0;0.0;0.0;0.0;
0.0;0.0;0.0;0.0;
0.0;0.0;0.0;0.0;
0.0;0.0;0.0;0.0;
0.0;0.0;0.0;0.0;
0.0;0.0;0.0;0.0;
0.0;0.0;0.0;0.0;
0.0;0.0;0.0;0.0;
0.0;0.0;0.0;0.0;
0.7001470866995336;0.5671191402266224;0.0;0.0;
0.0;0.0;0.0;0.0;
0.0;0.0;0.0;0.0;
0.0;0.0;0.0;0.0;
0.0;0.0;0.0;0.0;
0.0;0.0;0.0;0.0;
0.0;0.0;0.0;0.0;
0.0;0.0;0.0;0.0;
0.0;0.0;0.0;0.0;
0.0;0.0;0.0;0.0;
0.0;0.0;0.0;0.0;
0.0;0.0;0.0;0.0;
0.0;0.0;0.0;0.0;
0.0;0.0;0.0;0.0;
0.0;0.0;0.0;0.0;
0.0;0.0;0.0;0.0;
0.0;0.0;0.0;0.0;
0.0;0.0;0.0;0.0;
0.0;0.0;0.0;0.0;
0.0;0.0;0.0;0.0;
0.0;0.0;0.0;0.0;
7.899717647210479;6.398771294240488;0.0;6.398771294240488;
0.0;0.0;7.109745882489431;5.758894164816439;
0.0;5.183004748334795;6.398771294240488;0.0;
0.0;0.0;0.0;0.0;
2.7544612264597927;3.40056941538246;0.0;0.0;
0.0;0.0;0.0;0.0;
18.351496847368416;0.0;0.0;22.656168947368414;
0.0;0.0;20.390552052631573;25.17352105263157;
27.970578947368413;22.656168947368414;22.656168947368414;0.0;
0.0;0.0;0.0;0.0;
0.0;6.398771294240488;0.0;5.183004748334795;
0.0;0.0;5.758894164816439;4.664704273501316;
0.0;4.198233846151185;5.183004748334795;0.0;
0.0;0.0;0.0;0.0;
22.656168947368414;0.0;0.0;18.351496847368416;
0.0;0.0;20.390552052631573;16.516347162631575;
14.864712446368419;14.864712446368419;18.351496847368416;0.0;
0.0;0.0;0.0;0.0;
0.0;0.0017258868672896375;0.0;0.002130724527518071;
0.0;0.0;0.0019176520747662639;0.002367471697242301;
0.002130724527518071;0.0;0.002130724527518071;0.002630524108047001;
0.0;0.0;0.002367471697242301;0.002922804564496668;
0.0032475606272185198;0.0;0.002630524108047001;0.0;
0.0;0.0;0.0;0.0;
0.0;0.009313912917263046;0.0;0.007544269462983067;
0.0;0.0;0.008382521625536741;0.00678984251668476;
0.006110858265016284;0.0;0.007544269462983067;0.0;
0.0;0.0;0.0;0.0;
0.02163675351082617;0.017525770343769197;0.0;0.0;
0.0;0.0;0.0;0.0;
0.032977828853568314;0.0407133689550226;0.0;0.0;
0.0;0.0;0.0;0.0;
0.0;0.032977828853568314;0.0;0.0;
0.0;0.0;0.0;0.0;
0.0;0.11676480181380332;0.0;0.1441540763133374;
0.0;0.0;0.12973866868200368;0.16017119590370824;
0.0;0.1779679954485647;0.1441540763133374;0.0;
0.0;0.0;0.0;0.0;
0.0;0.41342985322520776;0.0;0.5104072262039602;
0.0;0.0;0.4593665035835642;0.5671191402266224;
0.6301323780295803;0.5104072262039602;0.5104072262039602;0.0;
0.0;0.0;0.0;0.0;
0.0;0.0;0.0;0.0;
0.0;0.0;0.0;0.0;
0.0;0.0;0.0;0.0;
0.0;0.0;0.0;0.0;
0.0;0.0;0.0;0.0;
0.0;0.0;0.0;0.0;
0.0;0.0;0.0;0.0;
0.0;0.0;0.0;0.0;
0.0;0.0;0.0;0.0;
0.0;0.0;0.0;0.0;
0.0;0.0;0.0;0.0;
0.0;0.0;0.0;0.0;
0.0;0.0;0.0;0.0;
0.0;0.0;0.0;0.0;
0.0;0.0;0.0;0.0;
0.0;0.0;0.0;0.0;
0.0;0.0;0.0;0.0;
0.0;0.0;0.0;0.0;
0.0;0.0;0.0;0.0;
7.109745882489431;5.758894164816439;0.0;0.0;
0.0;0.0;0.0;0.0;
5.758894164816439;4.664704273501316;0.0;0.0;
0.0;0.0;0.0;0.0;
3.060512473844214;3.7784104615360663;0.0;0.0;
0.0;0.0;0.0;0.0;
0.0;0.0;0.0;0.0;
0.0;0.0;0.0;0.0;
25.17352105263157;20.390552052631573;0.0;0.0;
0.0;0.0;0.0;0.0;
5.758894164816439;7.109745882489431;0.0;0.0;
0.0;0.0;0.0;0.0;
4.664704273501316;3.7784104615360663;0.0;0.0;
0.0;0.0;0.0;0.0;
0.0;0.0;0.0;0.0;
0.0;0.0;0.0;0.0;
16.516347162631575;13.378241201731576;0.0;0.0;
0.0;0.0;0.0;0.0;
0.0019176520747662639;0.0015532981805606739;0.0;0.0;
0.0;0.0;0.0;0.0;
0.0;0.0;0.0;0.0;
0.0;0.0;0.0;0.0;
0.0;0.0;0.0;0.0;
0.0;0.0;0.0;0.0;
0.008382521625536741;0.010348792130292273;0.0;0.0;
0.0;0.0;0.0;0.0;
0.0;0.0;0.0;0.0;
0.0;0.0;0.0;0.0;
0.019473078159743553;0.015773193309392277;0.0;0.0;
0.0;0.0;0.0;0.0;
0.036642032059520345;0.04523707661669178;0.0;0.0;
0.0;0.0;0.0;0.0;
0.029680045968211482;0.036642032059520345;0.0;0.0;
0.0;0.0;0.0;0.0;
0.12973866868200368;0.10508832163242299;0.0;0.0;
0.0;0.0;0.0;0.0;
0.16017119590370824;0.1977422171650719;0.0;0.0;
0.0;0.0;0.0;0.0;
0.4593665035835642;0.37208686790268697;0.0;0.0;
0.0;0.0;0.0;0.0;
0.5671191402266224;0.4593665035835642;0.0;0.0;
0.0;0.0;0.0;0.0;
0.0;0.0;0.0;0.0;
0.0;0.0;0.0;0.0;
0.0;0.0;0.0;0.0;
0.0;0.0;0.0;0.0;
0.0;0.0;0.0;0.0;
0.0;0.0;0.0;0.0;
0.0;0.0;0.0;0.0;
0.0;0.0;0.0;0.0;
0.0;0.0;0.0;0.0;
0.0;0.0;0.0;0.0;
0.0;0.0;0.0;0.0;
0.0;0.0;0.0;0.0;
0.0;0.0;0.0;0.0;
0.0;0.0;0.0;0.0;
0.0;0.0;0.0;0.0;
0.0;0.0;0.0;0.0;
0.0;0.0;0.0;0.0;
0.0;0.0;0.0;0.0;
0.0;0.0;0.0;0.0;
6.398771294240488;0.0;0.0;0.0;
0.0;0.0;0.0;0.0;
5.183004748334795;0.0;0.0;4.198233846151185;
0.0;0.0;4.664704273501316;3.7784104615360663;
3.40056941538246;0.0;4.198233846151185;0.0;
0.0;0.0;0.0;0.0;
0.0;14.864712446368419;0.0;18.351496847368416;
0.0;0.0;16.516347162631575;20.390552052631573;
22.656168947368414;0.0;18.351496847368416;0.0;
0.0;0.0;0.0;0.0;
6.398771294240488;7.899717647210479;0.0;0.0;
0.0;0.0;0.0;0.0;
4.198233846151185;3.40056941538246;0.0;0.0;
0.0;0.0;0.0;0.0;
0.0;0.0;0.0;12.040417081558418;
0.0;0.0;10.836375373402577;13.378241201731576;
14.864712446368419;0.0;12.040417081558418;0.0;
0.0;0.0;0.0;0.0;
0.0017258868672896375;0.0;0.0;0.0013979683625046065;
0.0;0.0;0.0015532981805606739;0.001258171526254146;
0.0;0.0011323543736287314;0.0013979683625046065;0.0;
0.0;0.0;0.0;0.0;
0.0;7.429377045378107E-4;0.0;0.0;
0.0;0.0;0.0;0.0;
0.009313912917263046;0.0;0.0;0.01149865792254697;
0.0;0.0;0.010348792130292273;0.012776286580607744;
0.0;0.0;0.01149865792254697;0.014195873978453049;
0.0;0.0;0.012776286580607744;0.015773193309392277;
0.017525770343769197;0.0;0.014195873978453049;0.0;
0.0;0.0;0.0;0.0;
0.0407133689550226;0.050263418462990865;0.0;0.0407133689550226;
0.0;0.0;0.04523707661669178;0.036642032059520345;
0.032977828853568314;0.0;0.0407133689550226;0.0;
0.0;0.0;0.0;0.0;
0.11676480181380332;0.0945794894691807;0.0;0.0;
0.0;0.0;0.0;0.0;
0.1779679954485647;0.21971357462785765;0.0;0.0;
0.0;0.0;0.0;0.0;
0.41342985322520776;0.3348781811124183;0.0;0.0;
0.0;0.0;0.0;0.0;
0.5104072262039602;0.41342985322520776;0.0;0.0;
0.0;0.0;0.0;0.0;
0.0;0.0;0.0;0.0;
0.0;0.0;0.0;0.0;
0.0;0.0;0.0;0.0;
0.0;0.0;0.0;0.0;
0.0;0.0;0.0;0.0;
0.0;0.0;0.0;0.0;
0.0;0.0;0.0;0.0;
0.0;0.0;0.0;0.0;
0.0;0.0;0.0;0.0;
0.0;0.0;0.0;0.0;
0.0;0.0;0.0;0.0;
0.0;0.0;0.0;0.0;
0.0;0.0;0.0;0.0;
0.0;0.0;0.0;0.0;
0.0;0.0;0.0;0.0;
0.0;0.0;0.0;0.0;
0.0;0.0;0.0;0.0;
0.0;0.0;0.0;0.0;
0.0;0.0;0.0;0.0;
0.0;0.0;0.0;0.0;
0.0;0.0;0.0;0.0;
0.0;0.0;0.0;0.0;
0.0;0.0;0.0;0.0;
0.0;0.0;0.0;0.0;
0.0;0.0;0.0;0.0;
16.516347162631575;13.378241201731576;0.0;0.0;
0.0;0.0;0.0;0.0;
0.0;0.0;0.0;0.0;
0.0;0.0;0.0;0.0;
7.109745882489431;8.777464052456088;0.0;0.0;
0.0;0.0;0.0;0.0;
3.7784104615360663;3.060512473844214;0.0;0.0;
0.0;0.0;0.0;0.0;
0.0;0.0;0.0;0.0;
0.0;0.0;0.0;0.0;
0.0;0.0;0.0;0.0;
0.0;0.0;0.0;0.0;
0.0;0.0;0.0;0.0;
0.0;0.0;0.0;0.0;
0.001258171526254146;0.0010191189362658583;0.0;0.0;
0.0;0.0;0.0;0.0;
6.686439340840296E-4;8.254863383753453E-4;0.0;0.0;
0.0;0.0;0.0;0.0;
0.0;0.0;0.0;0.0;
0.0;0.0;0.0;0.0;
0.0;0.0;0.0;0.0;
0.0;0.0;0.0;0.0;
0.0;0.0;0.0;0.0;
0.0;0.0;0.0;0.0;
0.04523707661669178;0.05584824273665651;0.0;0.0;
0.0;0.0;0.0;0.0;
0.0;0.0;0.0;0.0;
0.0;0.0;0.0;0.0;
0.10508832163242299;0.08512154052226263;0.0;0.0;
0.0;0.0;0.0;0.0;
0.1977422171650719;0.24412619403095295;0.0;0.0;
0.0;0.0;0.0;0.0;
0.37208686790268697;0.3013903630011765;0.0;0.0;
0.0;0.0;0.0;0.0;
0.4593665035835642;0.37208686790268697;0.0;0.0;
0.0;0.0;0.0;0.0;
0.0;0.0;0.0;0.0;
0.0;0.0;0.0;0.0;
0.0;0.0;0.0;0.0;
0.0;0.0;0.0;0.0;
0.0;0.0;0.0;0.0;
0.0;0.0;0.0;0.0;
0.0;0.0;0.0;0.0;
0.0;0.0;0.0;0.0;
0.0;0.0;0.0;0.0;
0.0;0.0;0.0;0.0;
0.0;0.0;0.0;0.0;
0.0;0.0;0.0;0.0;
0.0;0.0;0.0;0.0;
0.0;0.0;0.0;0.0;
0.0;0.0;0.0;0.0;
0.0;0.0;0.0;0.0;
0.0;0.0;0.0;0.0;
0.0;0.0;0.0;0.0;
0.0;0.0;0.0;0.0;
0.0;0.0;0.0;0.41342960583465177;
0.0;0.0;0.3720866452511866;0.45936622870516863;
0.0;0.5104069207835207;0.41342960583465177;0.0;
0.0;0.0;0.0;0.0;
0.0;0.0;0.0;12.040417081558418;
0.0;0.0;10.836375373402577;13.378241201731576;
14.864712446368419;0.0;12.040417081558418;12.040417081558418;
0.0;0.0;13.378241201731576;10.836375373402577;
0.0;0.0;12.040417081558418;9.75273783606232;
0.0;0.0;10.836375373402577;8.777464052456088;
7.899717647210479;0.0;9.75273783606232;0.0;
0.0;0.0;0.0;0.0;
3.40056941538246;2.7544612264597927;0.0;0.0;
0.0;0.0;0.0;0.0;
0.0;0.0;0.0;0.0;
0.0;0.0;0.0;0.0;
0.0;0.0;0.0;0.0;
0.0;0.0;0.0;0.0;
0.0;0.0;0.0;0.0;
0.0;0.0;0.0;0.0;
0.0011323543736287314;0.0;0.0;9.172070426392725E-4;
0.0;0.0;0.0010191189362658583;8.254863383753453E-4;
7.429377045378107E-4;7.429377045378107E-4;9.172070426392725E-4;0.0;
0.0;0.0;0.0;0.0;
0.0;0.0;0.0;2.0982755152687207E-4;
0.0;0.0;1.8884479637418488E-4;2.3314172391874675E-4;
0.0;2.590463599097186E-4;2.0982755152687207E-4;2.0982755152687207E-4;
0.0;0.0;2.3314172391874675E-4;1.8884479637418488E-4;
0.0;1.699603167367664E-4;2.0982755152687207E-4;0.0;
0.0;0.0;0.0;0.0;
0.050263418462990865;0.0;0.0;0.06205360304072946;
0.0;0.0;0.05584824273665651;0.06894844782303274;
0.0;0.06205360304072946;0.06205360304072946;0.07660938647003637;
0.0;0.0;0.06894844782303274;0.08512154052226263;
0.0945794894691807;0.0;0.07660938647003637;0.0;
0.0;0.0;0.0;0.0;
0.21971357462785765;0.0;0.0;0.27125132670105884;
0.0;0.0;0.24412619403095295;0.3013903630011765;
0.3348781811124183;0.0;0.27125132670105884;0.0;
0.0;0.0;0.0;0.0;
0.41342985322520776;0.0;0.0;0.0;
0.0;0.0;0.0;0.0;
0.0;0.0;0.0;0.0;
0.0;0.0;0.0;0.0;
0.0;0.0;0.0;0.0;
0.0;0.0;0.0;0.0;
0.0;0.0;0.0;0.0;
0.0;0.0;0.0;0.0;
0.0;0.0;0.0;0.0;
0.0;0.0;0.0;0.0;
0.0;0.0;0.0;0.0;
0.0;0.0;0.0;0.0;
0.0;0.0;0.0;0.0;
0.0;0.0;0.0;0.0;
0.0;0.0;0.0;0.0;
0.0;0.0;0.0;0.0;
0.0;0.0;0.0;0.0;
0.0;0.0;0.0;0.0;
0.0;0.0;0.0;0.0;
0.0;0.0;0.0;0.0;
0.0;0.0;0.0;0.0;
0.0;0.0;0.0;0.0;
0.0;0.0;0.0;0.0;
0.45936622870516863;0.5671188008705785;0.0;0.0;
0.0;0.0;0.0;0.0;
0.0;0.0;0.0;0.0;
0.0;0.0;0.0;0.0;
0.0;0.0;0.0;0.0;
0.0;0.0;0.0;0.0;
0.0;0.0;0.0;0.0;
0.0;0.0;0.0;0.0;
0.0;0.0;0.0;0.0;
0.0;0.0;0.0;0.0;
3.060512473844214;2.4790151038138135;0.0;0.0;
0.0;0.0;0.0;0.0;
0.0;0.0;0.0;0.0;
0.0;0.0;0.0;0.0;
0.0;0.0;0.0;0.0;
0.0;0.0;0.0;0.0;
0.0;0.0;0.0;0.0;
0.0;0.0;0.0;0.0;
0.0;0.0;0.0;0.0;
0.0;0.0;0.0;0.0;
8.254863383753453E-4;6.686439340840296E-4;0.0;0.0;
0.0;0.0;0.0;0.0;
0.0;0.0;0.0;0.0;
0.0;0.0;0.0;0.0;
2.3314172391874675E-4;2.878292887885762E-4;0.0;0.0;
0.0;0.0;0.0;0.0;
1.8884479637418488E-4;1.5296428506308976E-4;0.0;0.0;
0.0;0.0;0.0;0.0;
0.0;0.0;0.0;0.0;
0.0;0.0;0.0;0.0;
0.06894844782303274;0.05584824273665651;0.0;0.0;
0.0;0.0;0.0;0.0;
0.0;0.0;0.0;0.0;
0.0;0.0;0.0;0.0;
0.0;0.0;0.0;0.0;
0.0;0.0;0.0;0.0;
0.0;0.0;0.0;0.0;
0.0;0.0;0.0;0.0;
0.0;0.0;0.0;0.0;
0.0;0.0;0.0;0.0;
0.0;0.0;0.0;0.0;
0.0;0.0;0.0;0.0;
0.0;0.0;0.0;0.0;
0.0;0.0;0.0;0.0;
0.0;0.0;0.0;0.0;
0.0;0.0;0.0;0.0;
0.0;0.0;0.0;0.0;
0.0;0.0;0.0;0.0;
0.0;0.0;0.0;0.0;
0.0;0.0;0.0;0.0;
0.0;0.0;0.0;0.0;
0.0;0.0;0.0;0.0;
0.0;0.0;0.0;0.0;
0.0;0.0;0.0;0.0;
0.0;0.0;0.0;0.0;
0.0;0.0;0.0;0.0;
0.0;0.0;0.0;0.0;
0.0;0.0;0.0;0.0;
0.0;0.0;0.0;0.0;
0.0;0.0;0.0;0.5104069207835207;
0.0;0.0;0.45936622870516863;0.5671188008705785;
0.5104069207835207;0.0;0.5104069207835207;0.6301320009673095;
0.0;0.0;0.5671188008705785;0.700146667741455;
0.0;0.0;0.6301320009673095;0.7779407419349499;
0.0;0.0;0.700146667741455;0.8643786021499443;
0.0;0.9604212437579336;0.7779407419349499;0.0;
0.0;0.0;0.0;0.0;
0.0;1.1857052392073253;0.0;0.0;
0.0;0.0;0.0;0.0;
0.0;1.8072020106802704;0.0;2.231113593432432;
0.0;0.0;2.008002234089189;2.4790151038138135;
2.7544612264597927;0.0;2.231113593432432;0.0;
0.0;0.0;0.0;0.0;
0.0;0.0;0.0;0.0;
0.0;0.0;0.0;0.0;
0.0;0.0;0.0;0.0;
0.0;0.0;0.0;0.0;
0.0;0.0;0.0;0.0;
0.0;0.0;0.0;0.0;
0.0;0.0;0.0;0.0;
0.0;0.0;0.0;0.0;
7.429377045378107E-4;0.0;0.0;6.017795406756267E-4;
0.0;0.0;6.686439340840296E-4;5.41601586608064E-4;
0.0;4.874414279472577E-4;6.017795406756267E-4;0.0;
0.0;0.0;0.0;0.0;
2.590463599097186E-4;3.1981032087619575E-4;0.0;0.0;
0.0;0.0;0.0;0.0;
1.699603167367664E-4;1.3766785655678078E-4;0.0;1.3766785655678078E-4;
0.0;0.0;1.5296428506308976E-4;1.2390107090110272E-4;
0.0;0.0;1.3766785655678078E-4;0.0;
0.0;0.0;0.0;0.0;
0.06205360304072946;0.050263418462990865;0.0;0.0;
0.0;0.0;0.0;0.0;
0.0;0.032977828853568314;0.0;0.026712041371390334;
0.0;0.0;0.029680045968211482;0.0240408372342513;
0.0;0.0;0.026712041371390334;0.02163675351082617;
0.0;0.0;0.0240408372342513;0.019473078159743553;
0.0;0.0;0.02163675351082617;0.017525770343769197;
0.0;0.0;0.019473078159743553;0.015773193309392277;
0.0;0.014195873978453049;0.017525770343769197;0.0;
0.0;0.0;0.0;0.0;
0.0;0.0;0.0;0.0;
0.0;0.0;0.0;0.0;
0.0;0.0;0.0;0.0;
0.0;0.0;0.0;0.0;
0.0;0.0;0.0;0.0;
0.0;0.0;0.0;0.0;
0.0;0.0;0.0;0.0;
0.0;0.0;0.0;0.0;
0.0;0.0;0.0;0.0;
0.0;0.0;0.0;0.0;
0.0;0.0;0.0;0.0;
0.0;0.0;0.0;0.0;
0.0;0.0;0.0;0.0;
0.0;0.0;0.0;0.0;
0.0;0.0;0.0;0.0;
0.0;0.0;0.0;0.0;
0.0;0.0;0.0;0.0;
0.0;0.0;0.0;0.0;
0.0;0.0;0.0;0.0;
0.0;0.0;0.0;0.0;
0.0;0.0;0.0;0.0;
0.0;0.0;0.0;0.0;
0.0;0.0;0.0;0.0;
0.0;0.0;0.0;0.0;
0.0;0.0;0.0;0.0;
0.8643791193821403;1.0671347152865929;0.0;0.0;
0.0;0.0;0.0;0.0;
1.0671347152865929;1.317450265785917;0.0;0.0;
0.0;0.0;0.0;0.0;
2.008002234089189;1.6264818096122433;0.0;0.0;
0.0;0.0;0.0;0.0;
0.0;0.0;0.0;0.0;
0.0;0.0;0.0;0.0;
0.0;0.0;0.0;0.0;
0.0;0.0;0.0;0.0;
0.0;0.0;0.0;0.0;
0.0;0.0;0.0;0.0;
0.0;0.0;0.0;0.0;
0.0;0.0;0.0;0.0;
0.0;0.0;0.0;0.0;
0.0;0.0;0.0;0.0;
0.0;0.0;0.0;0.0;
0.0;0.0;0.0;0.0;
5.41601586608064E-4;4.386972851525319E-4;0.0;0.0;
0.0;0.0;0.0;0.0;
2.878292887885762E-4;3.5534480097355084E-4;0.0;0.0;
0.0;0.0;0.0;0.0;
1.5296428506308976E-4;1.2390107090110272E-4;0.0;0.0;
0.0;0.0;0.0;0.0;
0.0;0.0;0.0;0.0;
0.0;0.0;0.0;0.0;
0.05584824273665651;0.04523707661669178;0.0;0.0;
0.0;0.0;0.0;0.0;
0.029680045968211482;0.036642032059520345;0.0;0.0;
0.0;0.0;0.0;0.0;
0.0;0.0;0.0;0.0;
0.0;0.0;0.0;0.0;
0.0;0.0;0.0;0.0;
0.0;0.0;0.0;0.0;
0.015773193309392277;0.012776286580607744;0.0;0.0;
0.0;0.0;0.0;0.0;
0.0;0.0;0.0;0.0;
0.0;0.0;0.0;0.0;
0.0;0.0;0.0;0.0;
0.0;0.0;0.0;0.0;
0.0;0.0;0.0;0.0;
0.0;0.0;0.0;0.0;
0.0;0.0;0.0;0.0;
0.0;0.0;0.0;0.0;
0.0;0.0;0.0;0.0;
0.0;0.0;0.0;0.0;
0.0;0.0;0.0;0.0;
0.0;0.0;0.0;0.0;
0.0;0.0;0.0;0.0;
0.0;0.0;0.0;0.0;
0.0;0.0;0.0;0.0;
0.0;0.0;0.0;0.0;
0.0;0.0;0.0;0.0;
0.0;0.0;0.0;0.0;
0.0;0.0;0.0;0.0;
0.0;0.0;0.0;0.0;
0.0;0.0;0.0;0.0;
0.0;0.0;0.0;0.0;
0.0;0.0;0.0;0.0;
0.0;0.0;0.0;0.0;
0.0;0.0;0.0;0.0;
0.9604212437579336;0.0;0.0;1.1857052392073253;
0.0;0.0;1.0671347152865929;1.317450265785917;
1.1857052392073253;0.0;1.1857052392073253;1.463833628651019;
0.0;0.0;1.317450265785917;1.6264818096122433;
1.8072020106802704;0.0;1.463833628651019;0.0;
0.0;0.0;0.0;0.0;
0.0;0.0;0.0;0.0;
0.0;0.0;0.0;0.0;
0.0;0.0;0.0;0.0;
0.0;0.0;0.0;0.0;
0.0;0.0;0.0;0.0;
0.0;0.0;0.0;0.0;
0.0;0.0;0.0;0.0;
0.0;0.0;0.0;0.0;
0.0;0.0;0.0;0.0;
0.0;0.0;0.0;0.0;
0.0;0.0;0.0;3.948275566372787E-4;
0.0;0.0;3.5534480097355084E-4;4.386972851525319E-4;
4.874414279472577E-4;0.0;3.948275566372787E-4;3.948275566372787E-4;
0.0;0.0;4.386972851525319E-4;3.5534480097355084E-4;
3.1981032087619575E-4;0.0;3.948275566372787E-4;0.0;
0.0;0.0;0.0;0.0;
1.3766785655678078E-4;0.0;0.0;1.1151096381099245E-4;
0.0;0.0;1.2390107090110272E-4;1.003598674298932E-4;
0.0;9.032388068690389E-5;1.1151096381099245E-4;0.0;
0.0;0.0;0.0;0.0;
0.050263418462990865;0.0;0.0;0.0407133689550226;
0.0;0.0;0.04523707661669178;0.036642032059520345;
0.032977828853568314;0.0;0.0407133689550226;0.0;
0.0;0.0;0.0;0.0;
0.0;0.007544269462983067;0.0;0.009313912917263046;
0.0;0.0;0.008382521625536741;0.010348792130292273;
0.0;0.0;0.009313912917263046;0.01149865792254697;
0.0;0.0;0.010348792130292273;0.012776286580607744;
0.014195873978453049;0.0;0.01149865792254697;0.0;
0.0;0.0;0.0;0.0;
0.0;0.0;0.0;0.0;
0.0;0.0;0.0;0.0;
0.0;0.0;0.0;0.0;
0.0;0.0;0.0;0.0;
0.0;0.0;0.0;0.0;
0.0;0.0;0.0;0.0;
0.0;0.0;0.0;0.0;
0.0;0.0;0.0;0.0;
0.0;0.0;0.0;0.0;
0.0;0.0;0.0;0.0;
0.0;0.0;0.0;0.0;
0.0;0.0;0.0;0.0;
0.0;0.0;0.0;0.0;
0.0;0.0;0.0;0.0;
0.0;0.0;0.0;0.0;
0.0;0.0;0.0;0.0;
0.0;0.0;0.0;0.0;
0.0;0.0;0.0;0.0;
0.0;0.0;0.0;0.0;
0.0;0.0;0.0;0.0;
0.0;0.0;0.0;0.0;
0.0;0.0;0.0;0.0;
0.0;0.0;0.0;0.0;
0.0;0.0;0.0;0.0;
0.0;0.0;0.0;0.0;
0.0;0.0;0.0;0.0;
0.0;0.0;0.0;0.0;
0.0;0.0;0.0;0.0;
0.0;0.0;0.0;0.0;
0.0;0.0;0.0;0.0;
0.0;0.0;0.0;0.0;
0.0;0.0;0.0;0.0;
0.0;0.0;0.0;0.0;
0.0;0.0;0.0;0.0;
0.0;0.0;0.0;0.0;
0.0;0.0;0.0;0.0;
0.0;0.0;0.0;0.0;
0.0;0.0;0.0;0.0;
0.0;0.0;0.0;0.0;
0.0;0.0;0.0;0.0;
0.0;0.0;0.0;0.0;
0.0;0.0;0.0;0.0;
0.0;0.0;0.0;0.0;
0.0;0.0;0.0;0.0;
0.0;0.0;0.0;0.0;
0.0;0.0;0.0;0.0;
0.0;0.0;0.0;0.0;
0.0;0.0;0.0;0.0;
0.0;0.0;0.0;0.0;
1.003598674298932E-4;8.12914926182135E-5;0.0;0.0;
0.0;0.0;0.0;0.0;
0.0;0.0;0.0;0.0;
0.0;0.0;0.0;0.0;
0.0;0.0;0.0;0.0;
0.0;0.0;0.0;0.0;
0.008382521625536741;0.00678984251668476;0.0;0.0;
0.0;0.0;0.0;0.0;
0.0;0.0;0.0;0.0;
0.0;0.0;0.0;0.0;
0.0;0.0;0.0;0.0;
0.0;0.0;0.0;0.0;
0.0;0.0;0.0;0.0;
0.0;0.0;0.0;0.0;
0.0;0.0;0.0;0.0;
0.0;0.0;0.0;0.0;
0.0;0.0;0.0;0.0;
0.0;0.0;0.0;0.0;
0.0;0.0;0.0;0.0;
0.0;0.0;0.0;0.0;
0.0;0.0;0.0;0.0;
0.0;0.0;0.0;0.0;
0.0;0.0;0.0;0.0;
0.0;0.0;0.0;0.0;
0.0;0.0;0.0;0.0;
0.0;0.0;0.0;0.0;
0.0;0.0;0.0;0.0;
0.0;0.0;0.0;0.0;
0.0;0.0;0.0;0.0;
0.0;0.0;0.0;0.0;
0.0;0.0;0.0;0.0;
0.0;0.0;0.0;0.0;
0.0;0.0;0.0;0.0;
0.0;0.0;0.0;0.0;
0.0;0.0;0.0;0.0;
0.0;0.0;0.0;0.0;
0.0;0.0;0.0;0.0;
0.0;0.0;0.0;0.0;
0.0;0.0;0.0;0.0;
0.0;0.0;0.0;0.0;
0.0;0.0;0.0;0.0;
0.0;0.0;0.0;0.0;
0.0;0.0;0.0;0.0;
0.0;0.0;0.0;0.0;
0.0;0.0;0.0;0.0;
0.0;0.0;0.0;0.0;
0.0;0.0;0.0;0.0;
0.0;0.0;0.0;0.0;
0.0;0.0;0.0;0.0;
0.0;7.316234335639216E-5;0.0;9.032388068690389E-5;
0.0;0.0;8.12914926182135E-5;1.003598674298932E-4;
0.0;0.0;9.032388068690389E-5;1.1151096381099245E-4;
0.0;0.0;1.003598674298932E-4;1.2390107090110272E-4;
0.0;0.0;1.1151096381099245E-4;1.3766785655678078E-4;
0.0;0.0;1.2390107090110272E-4;1.5296428506308976E-4;
0.0;1.699603167367664E-4;1.3766785655678078E-4;0.0;
0.0;0.0;0.0;0.0;
0.0;0.0;0.0;5.9261498118677654E-5;
0.0;0.0;5.333534830680989E-5;6.584610902075295E-5;
0.0;0.0;5.9261498118677654E-5;7.316234335639216E-5;
0.0;0.0;6.584610902075295E-5;8.12914926182135E-5;
9.032388068690389E-5;0.0;7.316234335639216E-5;0.0;
0.0;0.0;0.0;0.0;
0.0;7.429377045378107E-4;0.0;9.172070426392725E-4;
0.0;0.0;8.254863383753453E-4;0.0010191189362658583;
0.0;0.0011323543736287314;9.172070426392725E-4;0.0;
0.0;0.0;0.0;0.0;
0.007544269462983067;0.0;0.0;0.006110858265016284;
0.0;0.0;0.00678984251668476;0.005499772438514656;
0.0;0.0;0.006110858265016284;0.004949795194663191;
0.0;0.0;0.005499772438514656;0.0044548156751968715;
0.0;0.004009334107677185;0.004949795194663191;0.0;
0.0;0.0;0.0;0.0;
0.0;0.0;0.0;0.0;
0.0;0.0;0.0;0.0;
0.0;0.0;0.0;0.0;
0.0;0.0;0.0;0.0;
0.0;0.0;0.0;0.0;
0.0;0.0;0.0;0.0;
0.0;0.0;0.0;0.0;
0.0;0.0;0.0;0.0;
0.0;0.0;0.0;0.0;
0.0;0.0;0.0;0.0;
0.0;0.0;0.0;0.0;
0.0;0.0;0.0;0.0;
0.0;0.0;0.0;0.0;
0.0;0.0;0.0;0.0;
0.0;0.0;0.0;0.0;
0.0;0.0;0.0;0.0;
0.0;0.0;0.0;0.0;
0.0;0.0;0.0;0.0;
0.0;0.0;0.0;0.0;
0.0;0.0;0.0;0.0;
0.0;0.0;0.0;0.0;
0.0;0.0;0.0;0.0;
0.0;0.0;0.0;0.0;
0.0;0.0;0.0;0.0;
0.0;0.0;0.0;0.0;
0.0;0.0;0.0;0.0;
0.0;0.0;0.0;0.0;
0.0;0.0;0.0;0.0;
0.0;0.0;0.0;0.0;
0.0;0.0;0.0;0.0;
0.0;0.0;0.0;0.0;
0.0;0.0;0.0;0.0;
0.0;0.0;0.0;0.0;
0.0;0.0;0.0;0.0;
0.0;0.0;0.0;0.0;
0.0;0.0;0.0;0.0;
0.0;0.0;0.0;0.0;
8.12914926182135E-5;6.584610902075295E-5;0.0;0.0;
0.0;0.0;0.0;0.0;
0.0;0.0;0.0;0.0;
0.0;0.0;0.0;0.0;
0.0;0.0;0.0;0.0;
0.0;0.0;0.0;0.0;
1.5296428506308976E-4;1.8884479637418488E-4;0.0;0.0;
0.0;0.0;0.0;0.0;
0.0;0.0;0.0;0.0;
0.0;0.0;0.0;0.0;
0.0;0.0;0.0;0.0;
0.0;0.0;0.0;0.0;
0.0;0.0;0.0;0.0;
0.0;0.0;0.0;0.0;
8.254863383753453E-4;6.686439340840296E-4;0.0;0.0;
0.0;0.0;0.0;0.0;
0.0010191189362658583;0.001258171526254146;0.0;0.0;
0.0;0.0;0.0;0.0;
0.0;0.0;0.0;0.0;
0.0;0.0;0.0;0.0;
0.0;0.0;0.0;0.0;
0.0;0.0;0.0;0.0;
0.0044548156751968715;0.0036084006969094662;0.0;0.0;
0.0;0.0;0.0;0.0;
0.0;0.0;0.0;0.0;
0.0;0.0;0.0;0.0;
0.0;0.0;0.0;0.0;
0.0;0.0;0.0;0.0;
0.0;0.0;0.0;0.0;
0.0;0.0;0.0;0.0;
0.0;0.0;0.0;0.0;
0.0;0.0;0.0;0.0;
0.0;0.0;0.0;0.0;
0.0;0.0;0.0;0.0;
0.0;0.0;0.0;0.0;
0.0;0.0;0.0;0.0;
0.0;0.0;0.0;0.0;
0.0;0.0;0.0;0.0;
0.0;0.0;0.0;0.0;
0.0;0.0;0.0;0.0;
0.0;0.0;0.0;0.0;
0.0;0.0;0.0;0.0;
0.0;0.0;0.0;0.0;
0.0;0.0;0.0;0.0;
0.0;0.0;0.0;0.0;
0.0;0.0;0.0;0.0;
0.0;0.0;0.0;0.0;
0.0;0.0;0.0;0.0;
0.0;0.0;0.0;0.0;
0.0;0.0;0.0;0.0;
0.0;0.0;0.0;0.0;
0.0;0.0;0.0;0.0;
0.0;0.0;0.0;0.0;
0.0;0.0;0.0;0.0;
0.0;0.0;0.0;0.0;
0.0;0.0;0.0;0.0;
0.0;0.0;0.0;0.0;
0.0;0.0;0.0;0.0;
0.0;0.0;0.0;0.0;
0.0;0.0;0.0;0.0;
0.0;0.0;0.0;0.0;
7.316234335639216E-5;0.0;0.0;5.9261498118677654E-5;
0.0;0.0;6.584610902075295E-5;5.333534830680989E-5;
0.0;4.80018134761289E-5;5.9261498118677654E-5;4.80018134761289E-5;
0.0;0.0;5.333534830680989E-5;4.320163212851601E-5;
0.0;0.0;4.80018134761289E-5;0.0;
0.0;0.0;0.0;0.0;
1.699603167367664E-4;0.0;0.0;2.0982755152687207E-4;
0.0;0.0;1.8884479637418488E-4;2.3314172391874675E-4;
0.0;0.0;2.0982755152687207E-4;2.590463599097186E-4;
0.0;0.0;2.3314172391874675E-4;2.878292887885762E-4;
0.0;0.0;2.590463599097186E-4;3.1981032087619575E-4;
0.0;0.0;2.878292887885762E-4;3.5534480097355084E-4;
0.0;3.948275566372787E-4;3.1981032087619575E-4;0.0;
0.0;0.0;0.0;0.0;
7.429377045378107E-4;6.017795406756267E-4;0.0;0.0;
0.0;0.0;0.0;0.0;
0.0011323543736287314;0.0;0.0;0.0013979683625046065;
0.0;0.0;0.001258171526254146;0.0015532981805606739;
0.0;0.0017258868672896375;0.0013979683625046065;0.0;
0.0;0.0;0.0;0.0;
0.0;0.002630524108047001;0.0;0.0032475606272185198;
0.0;0.0;0.002922804564496668;0.0036084006969094662;
0.004009334107677185;0.0032475606272185198;0.0032475606272185198;0.0;
0.0;0.0;0.0;0.0;
0.0;0.0;0.0;0.0;
0.0;0.0;0.0;0.0;
0.0;0.0;0.0;0.0;
0.0;0.0;0.0;0.0;
0.0;0.0;0.0;0.0;
0.0;0.0;0.0;0.0;
0.0;0.0;0.0;0.0;
0.0;0.0;0.0;0.0;
0.0;0.0;0.0;0.0;
0.0;0.0;0.0;0.0;
0.0;0.0;0.0;0.0;
0.0;0.0;0.0;0.0;
0.0;0.0;0.0;0.0;
0.0;0.0;0.0;0.0;
0.0;0.0;0.0;0.0;
0.0;0.0;0.0;0.0;
0.0;0.0;0.0;0.0;
0.0;0.0;0.0;0.0;
0.0;0.0;0.0;0.0;
0.0;0.0;0.0;0.0;
0.0;0.0;0.0;0.0;
0.0;0.0;0.0;0.0;
0.0;0.0;0.0;0.0;
0.0;0.0;0.0;0.0;
0.0;0.0;0.0;0.0;
0.0;0.0;0.0;0.0;
0.0;0.0;0.0;0.0;
0.0;0.0;0.0;0.0;
0.0;0.0;0.0;0.0;
0.0;0.0;0.0;0.0;
0.0;0.0;0.0;0.0;
0.0;0.0;0.0;0.0;
0.0;0.0;0.0;0.0;
0.0;0.0;0.0;0.0;
0.0;0.0;0.0;0.0;
0.0;0.0;0.0;0.0;
0.0;0.0;0.0;0.0;
0.0;0.0;0.0;0.0;
0.0;0.0;0.0;0.0;
5.333534830680989E-5;4.320163212851601E-5;0.0;0.0;
0.0;0.0;0.0;0.0;
0.0;0.0;0.0;0.0;
0.0;0.0;0.0;0.0;
0.0;0.0;0.0;0.0;
0.0;0.0;0.0;0.0;
0.0;0.0;0.0;0.0;
0.0;0.0;0.0;0.0;
0.0;0.0;0.0;0.0;
0.0;0.0;0.0;0.0;
3.5534480097355084E-4;4.386972851525319E-4;0.0;0.0;
0.0;0.0;0.0;0.0;
6.686439340840296E-4;5.41601586608064E-4;0.0;0.0;
0.0;0.0;0.0;0.0;
0.0;0.0;0.0;0.0;
0.0;0.0;0.0;0.0;
0.0015532981805606739;0.0019176520747662639;0.0;0.0;
0.0;0.0;0.0;0.0;
0.002922804564496668;0.002367471697242301;0.0;0.0;
0.0;0.0;0.0;0.0;
0.0036084006969094662;0.002922804564496668;0.0;0.0;
0.0;0.0;0.0;0.0;
0.0;0.0;0.0;0.0;
0.0;0.0;0.0;0.0;
0.0;0.0;0.0;0.0;
0.0;0.0;0.0;0.0;
0.0;0.0;0.0;0.0;
0.0;0.0;0.0;0.0;
0.0;0.0;0.0;0.0;
0.0;0.0;0.0;0.0;
0.0;0.0;0.0;0.0;
0.0;0.0;0.0;0.0;
0.0;0.0;0.0;0.0;
0.0;0.0;0.0;0.0;
0.0;0.0;0.0;0.0;
0.0;0.0;0.0;0.0;
0.0;0.0;0.0;0.0;
0.0;0.0;0.0;0.0;
0.0;0.0;0.0;0.0;
0.0;0.0;0.0;0.0;
0.0;0.0;0.0;0.0;
0.0;0.0;0.0;0.0;
0.0;0.0;0.0;0.0;
0.0;0.0;0.0;0.0;
0.0;0.0;0.0;0.0;
0.0;0.0;0.0;0.0;
0.0;0.0;0.0;0.0;
0.0;0.0;0.0;0.0;
0.0;0.0;0.0;0.0;
0.0;0.0;0.0;0.0;
0.0;0.0;0.0;0.0;
0.0;0.0;0.0;0.0;
0.0;0.0;0.0;0.0;
0.0;0.0;0.0;0.0;
0.0;0.0;0.0;0.0;
0.0;0.0;0.0;0.0;
0.0;0.0;0.0;0.0;
0.0;0.0;0.0;0.0;
0.0;0.0;0.0;0.0;
0.0;0.0;0.0;3.888146891566441E-5;
0.0;0.0;3.499332202409797E-5;4.320163212851601E-5;
4.80018134761289E-5;0.0;3.888146891566441E-5;3.888146891566441E-5;
0.0;0.0;4.320163212851601E-5;3.499332202409797E-5;
0.0;0.0;3.888146891566441E-5;3.149398982168817E-5;
0.0;0.0;3.499332202409797E-5;2.8344590839519357E-5;
0.0;2.5510131755567422E-5;3.149398982168817E-5;0.0;
0.0;0.0;0.0;0.0;
0.0;1.6737197444827787E-5;0.0;1.3557129930310508E-5;
0.0;0.0;1.5063477700345009E-5;1.2201416937279458E-5;
0.0;1.0981275243551513E-5;1.3557129930310508E-5;0.0;
0.0;0.0;0.0;0.0;
3.948275566372787E-4;0.0;0.0;4.874414279472577E-4;
0.0;0.0;4.386972851525319E-4;5.41601586608064E-4;
6.017795406756267E-4;0.0;4.874414279472577E-4;4.874414279472577E-4;
0.0;0.0;5.41601586608064E-4;4.386972851525319E-4;
0.0;0.0;4.874414279472577E-4;0.0;
0.0;0.0;0.0;0.0;
0.0017258868672896375;0.0;0.0;0.002130724527518071;
0.0;0.0;0.0019176520747662639;0.002367471697242301;
0.002630524108047001;0.0;0.002130724527518071;0.0;
0.0;0.0;0.0;0.0;
0.0032475606272185198;0.002630524108047001;0.0;0.0;
0.0;0.0;0.0;0.0;
0.0;0.0;0.0;0.0;
0.0;0.0;0.0;0.0;
0.0;0.0;0.0;0.0;
0.0;0.0;0.0;0.0;
0.0;0.0;0.0;0.0;
0.0;0.0;0.0;0.0;
0.0;0.0;0.0;0.0;
0.0;0.0;0.0;0.0;
0.0;0.0;0.0;0.0;
0.0;0.0;0.0;0.0;
0.0;0.0;0.0;0.0;
0.0;0.0;0.0;0.0;
0.0;0.0;0.0;0.0;
0.0;0.0;0.0;0.0;
0.0;0.0;0.0;0.0;
0.0;0.0;0.0;0.0;
0.0;0.0;0.0;0.0;
0.0;0.0;0.0;0.0;
0.0;0.0;0.0;0.0;
0.0;0.0;0.0;0.0;
0.0;0.0;0.0;0.0;
0.0;0.0;0.0;0.0;
0.0;0.0;0.0;0.0;
0.0;0.0;0.0;0.0;
0.0;0.0;0.0;0.0;
0.0;0.0;0.0;0.0;
0.0;0.0;0.0;0.0;
0.0;0.0;0.0;0.0;
0.0;0.0;0.0;0.0;
0.0;0.0;0.0;0.0;
0.0;0.0;0.0;0.0;
0.0;0.0;0.0;0.0;
0.0;0.0;0.0;0.0;
0.0;0.0;0.0;0.0;
0.0;0.0;0.0;0.0;
0.0;0.0;0.0;0.0;
0.0;0.0;0.0;0.0;
0.0;0.0;0.0;0.0;
0.0;0.0;0.0;0.0;
0.0;0.0;0.0;0.0;
0.0;0.0;0.0;0.0;
0.0;0.0;0.0;0.0;
0.0;0.0;0.0;0.0;
2.8344590839519357E-5;2.295911858001068E-5;0.0;0.0;
0.0;0.0;0.0;0.0;
1.5063477700345009E-5;1.859688604980865E-5;0.0;0.0;
0.0;0.0;0.0;0.0;
1.2201416937279458E-5;9.883147719196362E-6;0.0;0.0;
0.0;0.0;0.0;0.0;
0.0;0.0;0.0;0.0;
0.0;0.0;0.0;0.0;
0.0;0.0;0.0;0.0;
0.0;0.0;0.0;0.0;
0.0;0.0;0.0;0.0;
0.0;0.0;0.0;0.0;
0.0;0.0;0.0;0.0;
0.0;0.0;0.0;0.0;
0.0;0.0;0.0;0.0;
0.0;0.0;0.0;0.0;
0.002922804564496668;0.002367471697242301;0.0;0.0;
0.0;0.0;0.0;0.0;
0.0;0.0;0.0;0.0;
0.0;0.0;0.0;0.0;
0.0;0.0;0.0;0.0;
0.0;0.0;0.0;0.0;
0.0;0.0;0.0;0.0;
0.0;0.0;0.0;0.0;
0.0;0.0;0.0;0.0;
0.0;0.0;0.0;0.0;
0.0;0.0;0.0;0.0;
0.0;0.0;0.0;0.0;
0.0;0.0;0.0;0.0;
0.0;0.0;0.0;0.0;
0.0;0.0;0.0;0.0;
0.0;0.0;0.0;0.0;
0.0;0.0;0.0;0.0;
0.0;0.0;0.0;0.0;
0.0;0.0;0.0;0.0;
0.0;0.0;0.0;0.0;
0.0;0.0;0.0;0.0;
0.0;0.0;0.0;0.0;
0.0;0.0;0.0;0.0;
0.0;0.0;0.0;0.0;
0.0;0.0;0.0;0.0;
0.0;0.0;0.0;0.0;
0.0;0.0;0.0;0.0;
0.0;0.0;0.0;0.0;
0.0;0.0;0.0;0.0;
0.0;0.0;0.0;0.0;
0.0;0.0;0.0;0.0;
0.0;0.0;0.0;0.0;
0.0;0.0;0.0;0.0;
0.0;0.0;0.0;0.0;
0.0;0.0;0.0;0.0;
0.0;0.0;0.0;0.0;
0.0;0.0;0.0;0.0;
0.0;0.0;0.0;4.727077413090684E-6;
0.0;0.0;4.254369671781616E-6;5.2523082367674266E-6;
0.0;4.727077413090684E-6;4.727077413090684E-6;5.835898040852696E-6;
0.0;0.0;5.2523082367674266E-6;6.484331156502996E-6;
0.0;7.20481239611444E-6;5.835898040852696E-6;0.0;
0.0;0.0;0.0;0.0;
0.0;0.0;0.0;2.0663206722009612E-5;
0.0;0.0;1.859688604980865E-5;2.295911858001068E-5;
2.5510131755567422E-5;0.0;2.0663206722009612E-5;2.0663206722009612E-5;
0.0;0.0;2.295911858001068E-5;1.859688604980865E-5;
1.6737197444827787E-5;1.6737197444827787E-5;2.0663206722009612E-5;0.0;
0.0;0.0;0.0;0.0;
1.0981275243551513E-5;8.894832947276726E-6;0.0;8.894832947276726E-6;
0.0;0.0;9.883147719196362E-6;8.005349652549053E-6;
0.0;0.0;8.894832947276726E-6;7.204814687294148E-6;
0.0;0.0;8.005349652549053E-6;6.484333218564733E-6;
0.0;0.0;7.204814687294148E-6;5.835898040852696E-6;
0.0;0.0;6.484333218564733E-6;5.2523082367674266E-6;
0.0;0.0;5.835898040852696E-6;4.727077413090684E-6;
0.0;0.0;5.2523082367674266E-6;4.254369671781616E-6;
0.0;3.828932704603454E-6;4.727077413090684E-6;0.0;
0.0;0.0;0.0;0.0;
0.0;9.172070426392725E-4;0.0;0.0;
0.0;0.0;0.0;0.0;
0.002630524108047001;0.002130724527518071;0.0;0.0;
0.0;0.0;0.0;0.0;
0.0;0.0;0.0;0.0;
0.0;0.0;0.0;0.0;
0.0;0.0;0.0;0.0;
0.0;0.0;0.0;0.0;
0.0;0.0;0.0;0.0;
0.0;0.0;0.0;0.0;
0.0;0.0;0.0;0.0;
0.0;0.0;0.0;0.0;
0.0;0.0;0.0;0.0;
0.0;0.0;0.0;0.0;
0.0;0.0;0.0;0.0;
0.0;0.0;0.0;0.0;
0.0;0.0;0.0;0.0;
0.0;0.0;0.0;0.0;
0.0;0.0;0.0;0.0;
0.0;0.0;0.0;0.0;
0.0;0.0;0.0;0.0;
0.0;0.0;0.0;0.0;
0.0;0.0;0.0;0.0;
0.0;0.0;0.0;0.0;
0.0;0.0;0.0;0.0;
0.0;0.0;0.0;0.0;
0.0;0.0;0.0;0.0;
0.0;0.0;0.0;0.0;
0.0;0.0;0.0;0.0;
0.0;0.0;0.0;0.0;
0.0;0.0;0.0;0.0;
0.0;0.0;0.0;0.0;
0.0;0.0;0.0;0.0;
0.0;0.0;0.0;0.0;
0.0;0.0;0.0;0.0;
0.0;0.0;0.0;0.0;
0.0;0.0;0.0;0.0;
0.0;0.0;0.0;0.0;
0.0;0.0;0.0;0.0;
0.0;0.0;0.0;0.0;
0.0;0.0;0.0;0.0;
5.2523082367674266E-6;4.254369671781616E-6;0.0;0.0;
0.0;0.0;0.0;0.0;
6.484331156502996E-6;8.005347106793822E-6;0.0;0.0;
0.0;0.0;0.0;0.0;
0.0;0.0;0.0;0.0;
0.0;0.0;0.0;0.0;
0.0;0.0;0.0;0.0;
0.0;0.0;0.0;0.0;
1.859688604980865E-5;1.5063477700345009E-5;0.0;0.0;
0.0;0.0;0.0;0.0;
9.883147719196362E-6;8.005349652549053E-6;0.0;0.0;
0.0;0.0;0.0;0.0;
0.0;0.0;0.0;0.0;
0.0;0.0;0.0;0.0;
0.0;0.0;0.0;0.0;
0.0;0.0;0.0;0.0;
0.0;0.0;0.0;0.0;
0.0;0.0;0.0;0.0;
4.254369671781616E-6;3.446039434143109E-6;0.0;0.0;
0.0;0.0;0.0;0.0;
8.254863383753453E-4;0.0010191189362658583;0.0;0.0;
0.0;0.0;0.0;0.0;
0.002367471697242301;0.0019176520747662639;0.0;0.0;
0.0;0.0;0.0;0.0;
0.0;0.0;0.0;0.0;
0.0;0.0;0.0;0.0;
0.0;0.0;0.0;0.0;
0.0;0.0;0.0;0.0;
0.0;0.0;0.0;0.0;
0.0;0.0;0.0;0.0;
0.0;0.0;0.0;0.0;
0.0;0.0;0.0;0.0;
0.0;0.0;0.0;0.0;
0.0;0.0;0.0;0.0;
0.0;0.0;0.0;0.0;
0.0;0.0;0.0;0.0;
0.0;0.0;0.0;0.0;
0.0;0.0;0.0;0.0;
0.0;0.0;0.0;0.0;
0.0;0.0;0.0;0.0;
0.0;0.0;0.0;0.0;
0.0;0.0;0.0;0.0;
0.0;0.0;0.0;0.0;
0.0;0.0;0.0;0.0;
0.0;0.0;0.0;0.0;
0.0;0.0;0.0;0.0;
0.0;0.0;0.0;0.0;
0.0;0.0;0.0;0.0;
0.0;0.0;0.0;0.0;
0.0;0.0;0.0;0.0;
0.0;0.0;0.0;0.0;
0.0;0.0;0.0;0.0;
0.0;0.0;0.0;0.0;
0.0;0.0;0.0;0.0;
0.0;0.0;0.0;0.0;
0.0;0.0;0.0;0.0;
0.0;0.0;0.0;0.0;
0.0;0.0;0.0;0.0;
0.0;0.0;0.0;0.0;
0.0;0.0;0.0;0.0;
0.0;0.0;0.0;0.0;
4.727077413090684E-6;3.828932704603454E-6;0.0;0.0;
0.0;0.0;0.0;0.0;
7.20481239611444E-6;0.0;0.0;8.894830118659802E-6;
0.0;0.0;8.005347106793822E-6;9.88314457628867E-6;
0.0;0.0;8.894830118659802E-6;1.0981275243551513E-5;
0.0;0.0;9.88314457628867E-6;1.2201416937279458E-5;
0.0;0.0;1.0981275243551513E-5;1.3557129930310508E-5;
0.0;0.0;1.2201416937279458E-5;1.5063477700345009E-5;
1.6737197444827787E-5;0.0;1.3557129930310508E-5;0.0;
0.0;0.0;0.0;0.0;
8.894832947276726E-6;0.0;0.0;0.0;
0.0;0.0;0.0;0.0;
0.0;1.0814036889780956E-6;0.0;1.3350662826890067E-6;
0.0;0.0;1.2015596544201061E-6;1.483406980765563E-6;
0.0;0.0;1.3350662826890067E-6;1.6482299786284032E-6;
0.0;0.0;1.483406980765563E-6;1.831366642920448E-6;
0.0;2.0348518254671643E-6;1.6482299786284032E-6;0.0;
0.0;0.0;0.0;0.0;
3.828932704603454E-6;3.101435490728798E-6;0.0;0.0;
0.0;0.0;0.0;0.0;
9.172070426392725E-4;0.0011323543736287314;0.0;0.0;
0.0;0.0;0.0;0.0;
0.002130724527518071;0.0017258868672896375;0.0;0.0;
0.0;0.0;0.0;0.0;
0.0;0.0;0.0;0.0;
0.0;0.0;0.0;0.0;
0.0;0.0;0.0;0.0;
0.0;0.0;0.0;0.0;
0.0;0.0;0.0;0.0;
0.0;0.0;0.0;0.0;
0.0;0.0;0.0;0.0;
0.0;0.0;0.0;0.0;
0.0;0.0;0.0;0.0;
0.0;0.0;0.0;0.0;
0.0;0.0;0.0;0.0;
0.0;0.0;0.0;0.0;
0.0;0.0;0.0;0.0;
0.0;0.0;0.0;0.0;
0.0;0.0;0.0;0.0;
0.0;0.0;0.0;0.0;
0.0;0.0;0.0;0.0;
0.0;0.0;0.0;0.0;
0.0;0.0;0.0;0.0;
0.0;0.0;0.0;0.0;
0.0;0.0;0.0;0.0;
0.0;0.0;0.0;0.0;
0.0;0.0;0.0;0.0;
0.0;0.0;0.0;0.0;
0.0;0.0;0.0;0.0;
0.0;0.0;0.0;0.0;
0.0;0.0;0.0;0.0;
0.0;0.0;0.0;0.0;
0.0;0.0;0.0;0.0;
0.0;0.0;0.0;0.0;
0.0;0.0;0.0;0.0;
0.0;0.0;0.0;0.0;
0.0;0.0;0.0;0.0;
0.0;0.0;0.0;0.0;
0.0;0.0;0.0;0.0;
0.0;0.0;0.0;0.0;
0.0;0.0;0.0;0.0;
4.254369671781616E-6;3.446039434143109E-6;0.0;0.0;
0.0;0.0;0.0;0.0;
0.0;0.0;0.0;0.0;
0.0;0.0;0.0;0.0;
0.0;0.0;0.0;0.0;
0.0;0.0;0.0;0.0;
0.0;0.0;0.0;0.0;
0.0;0.0;0.0;0.0;
0.0;0.0;0.0;0.0;
0.0;0.0;0.0;0.0;
0.0;0.0;0.0;0.0;
0.0;0.0;0.0;0.0;
1.2015596544201061E-6;9.73263320080286E-7;0.0;0.0;
0.0;0.0;0.0;0.0;
0.0;0.0;0.0;0.0;
0.0;0.0;0.0;0.0;
1.831366642920448E-6;2.260946472741294E-6;0.0;0.0;
0.0;0.0;0.0;0.0;
3.446039434143109E-6;2.7912919416559183E-6;0.0;0.0;
0.0;0.0;0.0;0.0;
0.0010191189362658583;0.001258171526254146;0.0;0.0;
0.0;0.0;0.0;0.0;
0.0019176520747662639;0.0015532981805606739;0.0;0.0;
0.0;0.0;0.0;0.0;
0.0;0.0;0.0;0.0;
0.0;0.0;0.0;0.0;
0.0;0.0;0.0;0.0;
0.0;0.0;0.0;0.0;
0.0;0.0;0.0;0.0;
0.0;0.0;0.0;0.0;
0.0;0.0;0.0;0.0;
0.0;0.0;0.0;0.0;
0.0;0.0;0.0;0.0;
0.0;0.0;0.0;0.0;
0.0;0.0;0.0;0.0;
0.0;0.0;0.0;0.0;
0.0;0.0;0.0;0.0;
0.0;0.0;0.0;0.0;
0.0;0.0;0.0;0.0;
0.0;0.0;0.0;0.0;
0.0;0.0;0.0;0.0;
0.0;0.0;0.0;0.0;
0.0;0.0;0.0;0.0;
0.0;0.0;0.0;0.0;
0.0;0.0;0.0;0.0;
0.0;0.0;0.0;0.0;
0.0;0.0;0.0;0.0;
0.0;0.0;0.0;0.0;
0.0;0.0;0.0;0.0;
0.0;0.0;0.0;0.0;
0.0;0.0;0.0;0.0;
0.0;0.0;0.0;0.0;
0.0;0.0;0.0;0.0;
0.0;0.0;0.0;0.0;
0.0;0.0;0.0;0.0;
0.0;0.0;0.0;0.0;
0.0;0.0;0.0;0.0;
0.0;0.0;0.0;0.0;
0.0;0.0;0.0;0.0;
0.0;0.0;0.0;0.0;
0.0;0.0;0.0;0.0;
3.828932704603454E-6;0.0;0.0;3.101435490728798E-6;
0.0;0.0;3.446039434143109E-6;2.7912919416559183E-6;
0.0;0.0;3.101435490728798E-6;2.5121627474903265E-6;
0.0;0.0;2.7912919416559183E-6;2.260946472741294E-6;
0.0;0.0;2.5121627474903265E-6;0.0;
0.0;0.0;0.0;0.0;
0.0;2.4362294374669703E-8;0.0;3.007690663539469E-8;
0.0;0.0;2.7069215971855224E-8;3.341878515043855E-8;
0.0;3.713198350048727E-8;3.007690663539469E-8;0.0;
0.0;0.0;0.0;0.0;
0.0;7.095089603385285E-7;0.0;8.759369880722574E-7;
0.0;0.0;7.883432892650317E-7;9.73263320080286E-7;
1.0814036889780956E-6;0.0;8.759369880722574E-7;0.0;
0.0;0.0;0.0;0.0;
0.0;0.0;0.0;2.0348518254671643E-6;
0.0;0.0;1.831366642920448E-6;2.260946472741294E-6;
2.0348518254671643E-6;0.0;2.0348518254671643E-6;2.5121627474903265E-6;
0.0;0.0;2.260946472741294E-6;2.7912919416559183E-6;
3.101435490728798E-6;0.0;2.5121627474903265E-6;0.0;
0.0;0.0;0.0;0.0;
0.0011323543736287314;0.0011323543736287314;0.0;0.0013979683625046065;
0.0;0.0;0.001258171526254146;0.0015532981805606739;
0.0017258868672896375;0.0;0.0013979683625046065;0.0;
0.0;0.0;0.0;0.0;
0.0;0.0;0.0;0.0;
0.0;0.0;0.0;0.0;
0.0;0.0;0.0;0.0;
0.0;0.0;0.0;0.0;
0.0;0.0;0.0;0.0;
0.0;0.0;0.0;0.0;
0.0;0.0;0.0;0.0;
0.0;0.0;0.0;0.0;
0.0;0.0;0.0;0.0;
0.0;0.0;0.0;0.0;
0.0;0.0;0.0;0.0;
0.0;0.0;0.0;0.0;
0.0;0.0;0.0;0.0;
0.0;0.0;0.0;0.0;
0.0;0.0;0.0;0.0;
0.0;0.0;0.0;0.0;
0.0;0.0;0.0;0.0;
0.0;0.0;0.0;0.0;
0.0;0.0;0.0;0.0;
0.0;0.0;0.0;0.0;
0.0;0.0;0.0;0.0;
0.0;0.0;0.0;0.0;
0.0;0.0;0.0;0.0;
0.0;0.0;0.0;0.0;
0.0;0.0;0.0;0.0;
0.0;0.0;0.0;0.0;
0.0;0.0;0.0;0.0;
0.0;0.0;0.0;0.0;
0.0;0.0;0.0;0.0;
0.0;0.0;0.0;0.0;
0.0;0.0;0.0;0.0;
0.0;0.0;0.0;0.0;
0.0;0.0;0.0;0.0;
0.0;0.0;0.0;0.0;
0.0;0.0;0.0;0.0;
0.0;0.0;0.0;0.0;
0.0;0.0;0.0;0.0;
0.0;0.0;0.0;0.0;
0.0;0.0;0.0;0.0;
0.0;0.0;0.0;0.0;
0.0;0.0;0.0;0.0;
0.0;0.0;0.0;0.0;
0.0;0.0;0.0;0.0;
2.7069215971855224E-8;2.1926064937202732E-8;0.0;0.0;
0.0;0.0;0.0;0.0;
3.341878515043855E-8;4.125775944498586E-8;0.0;0.0;
0.0;0.0;0.0;0.0;
7.883432892650317E-7;6.385580643046757E-7;0.0;0.0;
0.0;0.0;0.0;0.0;
0.0;0.0;0.0;0.0;
0.0;0.0;0.0;0.0;
0.0;0.0;0.0;0.0;
0.0;0.0;0.0;0.0;
0.0;0.0;0.0;0.0;
0.0;0.0;0.0;0.0;
0.0;0.0;0.0;0.0;
0.0;0.0;0.0;0.0;
0.001258171526254146;0.0010191189362658583;0.0;0.0;
0.0;0.0;0.0;0.0;
0.0;0.0;0.0;0.0;
0.0;0.0;0.0;0.0;
0.0;0.0;0.0;0.0;
0.0;0.0;0.0;0.0;
0.0;0.0;0.0;0.0;
0.0;0.0;0.0;0.0;
0.0;0.0;0.0;0.0;
0.0;0.0;0.0;0.0;
0.0;0.0;0.0;0.0;
0.0;0.0;0.0;0.0;
0.0;0.0;0.0;0.0;
0.0;0.0;0.0;0.0;
0.0;0.0;0.0;0.0;
0.0;0.0;0.0;0.0;
0.0;0.0;0.0;0.0;
0.0;0.0;0.0;0.0;
0.0;0.0;0.0;0.0;
0.0;0.0;0.0;0.0;
0.0;0.0;0.0;0.0;
0.0;0.0;0.0;0.0;
0.0;0.0;0.0;0.0;
0.0;0.0;0.0;0.0;
0.0;0.0;0.0;0.0;
0.0;0.0;0.0;0.0;
0.0;0.0;0.0;0.0;
0.0;0.0;0.0;0.0;
0.0;0.0;0.0;0.0;
0.0;0.0;0.0;0.0;
0.0;0.0;0.0;0.0;
0.0;0.0;0.0;0.0;
0.0;0.0;0.0;0.0;
0.0;0.0;0.0;0.0;
0.0;0.0;0.0;0.0;
0.0;0.0;0.0;0.0;
0.0;0.0;0.0;0.0;
0.0;0.0;0.0;0.0;
0.0;0.0;0.0;0.0;
0.0;0.0;0.0;0.0;
0.0;0.0;0.0;0.0;
0.0;0.0;0.0;0.0;
0.0;0.0;0.0;0.0;
0.0;1.2947122084768843E-8;0.0;1.5984101339220792E-8;
0.0;0.0;1.4385691205298714E-8;1.7760112599134214E-8;
0.0;0.0;1.5984101339220792E-8;1.973345844348246E-8;
0.0;0.0;1.7760112599134214E-8;2.1926064937202732E-8;
2.4362294374669703E-8;0.0;1.973345844348246E-8;0.0;
0.0;0.0;0.0;0.0;
3.713198350048727E-8;4.5841954938873176E-8;0.0;0.0;
0.0;0.0;0.0;0.0;
7.095089603385285E-7;5.747022578742081E-7;0.0;0.0;
0.0;0.0;0.0;0.0;
0.0;3.7706215139126806E-7;0.0;0.0;
0.0;0.0;0.0;0.0;
0.0;3.948275566372787E-4;0.0;3.1981032087619575E-4;
0.0;0.0;3.5534480097355084E-4;2.878292887885762E-4;
0.0;0.0;3.1981032087619575E-4;2.590463599097186E-4;
0.0;0.0;2.878292887885762E-4;2.3314172391874675E-4;
0.0;0.0;2.590463599097186E-4;0.0;
0.0;0.0;0.0;0.0;
0.0011323543736287314;9.172070426392725E-4;0.0;0.0;
0.0;0.0;0.0;0.0;
0.0;2.4362294374669703E-8;0.0;0.0;
0.0;0.0;0.0;0.0;
0.0;0.0;0.0;0.0;
0.0;0.0;0.0;0.0;
0.0;0.0;0.0;0.0;
0.0;0.0;0.0;0.0;
0.0;0.0;0.0;0.0;
0.0;0.0;0.0;0.0;
0.0;0.0;0.0;0.0;
0.0;0.0;0.0;0.0;
0.0;0.0;0.0;0.0;
0.0;0.0;0.0;0.0;
0.0;0.0;0.0;0.0;
0.0;0.0;0.0;0.0;
0.0;0.0;0.0;0.0;
0.0;0.0;0.0;0.0;
0.0;0.0;0.0;0.0;
0.0;0.0;0.0;0.0;
0.0;0.0;0.0;0.0;
0.0;0.0;0.0;0.0;
0.0;0.0;0.0;0.0;
0.0;0.0;0.0;0.0;
0.0;0.0;0.0;0.0;
0.0;0.0;0.0;0.0;
0.0;0.0;0.0;0.0;
0.0;0.0;0.0;0.0;
0.0;0.0;0.0;0.0;
0.0;0.0;0.0;0.0;
0.0;0.0;0.0;0.0;
0.0;0.0;0.0;0.0;
0.0;0.0;0.0;0.0;
0.0;0.0;0.0;0.0;
0.0;0.0;0.0;0.0;
0.0;0.0;0.0;0.0;
0.0;0.0;0.0;0.0;
0.0;0.0;0.0;0.0;
0.0;0.0;0.0;0.0;
0.0;0.0;0.0;0.0;
0.0;0.0;0.0;0.0;
0.0;0.0;0.0;0.0;
0.0;0.0;0.0;0.0;
1.4385691205298714E-8;1.1652409876291959E-8;0.0;0.0;
0.0;0.0;0.0;0.0;
0.0;0.0;0.0;0.0;
0.0;0.0;0.0;0.0;
0.0;0.0;0.0;0.0;
0.0;0.0;0.0;0.0;
4.125775944498586E-8;5.093550548763686E-8;0.0;0.0;
0.0;0.0;0.0;0.0;
6.385580643046757E-7;5.172320320867874E-7;0.0;0.0;
0.0;0.0;0.0;0.0;
3.3935593625214124E-7;4.189579459902978E-7;0.0;0.0;
0.0;0.0;0.0;0.0;
3.5534480097355084E-4;4.386972851525319E-4;0.0;0.0;
0.0;0.0;0.0;0.0;
0.0;0.0;0.0;0.0;
0.0;0.0;0.0;0.0;
0.0;0.0;0.0;0.0;
0.0;0.0;0.0;0.0;
0.0010191189362658583;8.254863383753453E-4;0.0;0.0;
0.0;0.0;0.0;0.0;
2.1926064937202732E-8;2.7069215971855224E-8;0.0;0.0;
0.0;0.0;0.0;0.0;
0.0;0.0;0.0;0.0;
0.0;0.0;0.0;0.0;
0.0;0.0;0.0;0.0;
0.0;0.0;0.0;0.0;
0.0;0.0;0.0;0.0;
0.0;0.0;0.0;0.0;
0.0;0.0;0.0;0.0;
0.0;0.0;0.0;0.0;
0.0;0.0;0.0;0.0;
0.0;0.0;0.0;0.0;
0.0;0.0;0.0;0.0;
0.0;0.0;0.0;0.0;
0.0;0.0;0.0;0.0;
0.0;0.0;0.0;0.0;
0.0;0.0;0.0;0.0;
0.0;0.0;0.0;0.0;
0.0;0.0;0.0;0.0;
0.0;0.0;0.0;0.0;
0.0;0.0;0.0;0.0;
0.0;0.0;0.0;0.0;
0.0;0.0;0.0;0.0;
0.0;0.0;0.0;0.0;
0.0;0.0;0.0;0.0;
0.0;0.0;0.0;0.0;
0.0;0.0;0.0;0.0;
0.0;0.0;0.0;0.0;
0.0;0.0;0.0;0.0;
0.0;0.0;0.0;0.0;
0.0;0.0;0.0;0.0;
0.0;0.0;0.0;0.0;
0.0;0.0;0.0;0.0;
0.0;0.0;0.0;0.0;
0.0;0.0;0.0;0.0;
0.0;0.0;0.0;0.0;
0.0;0.0;0.0;0.0;
0.0;0.0;0.0;0.0;
0.0;0.0;0.0;0.0;
0.0;0.0;0.0;0.0;
0.0;0.0;0.0;0.0;
1.2947122084768843E-8;1.0487168888662763E-8;0.0;0.0;
0.0;0.0;0.0;0.0;
0.0;8.625972579999127E-8;0.0;6.987037789799293E-8;
0.0;0.0;7.763375321999215E-8;6.288334010819365E-8;
0.0;0.0;6.987037789799293E-8;5.6595006097374286E-8;
0.0;0.0;6.288334010819365E-8;5.093550548763686E-8;
4.5841954938873176E-8;0.0;5.6595006097374286E-8;0.0;
0.0;0.0;0.0;0.0;
5.747022578742081E-7;0.0;0.0;4.6550882887810865E-7;
0.0;0.0;5.172320320867874E-7;4.189579459902978E-7;
3.7706215139126806E-7;3.7706215139126806E-7;4.6550882887810865E-7;0.0;
0.0;0.0;0.0;0.0;
3.948275566372787E-4;0.0;0.0;4.874414279472577E-4;
0.0;0.0;4.386972851525319E-4;5.41601586608064E-4;
0.0;0.0;4.874414279472577E-4;6.017795406756267E-4;
0.0;0.0;5.41601586608064E-4;6.686439340840296E-4;
0.0;0.0;6.017795406756267E-4;7.429377045378107E-4;
0.0;0.0;6.686439340840296E-4;8.254863383753453E-4;
9.172070426392725E-4;0.0;7.429377045378107E-4;0.0;
0.0;0.0;0.0;0.0;
2.4362294374669703E-8;3.007690663539469E-8;0.0;0.0;
0.0;0.0;0.0;0.0;
0.0;0.0;0.0;0.0;
0.0;0.0;0.0;0.0;
0.0;0.0;0.0;0.0;
0.0;0.0;0.0;0.0;
0.0;0.0;0.0;0.0;
0.0;0.0;0.0;0.0;
0.0;0.0;0.0;0.0;
0.0;0.0;0.0;0.0;
0.0;0.0;0.0;0.0;
0.0;0.0;0.0;0.0;
0.0;0.0;0.0;0.0;
0.0;0.0;0.0;0.0;
0.0;0.0;0.0;0.0;
0.0;0.0;0.0;0.0;
0.0;0.0;0.0;0.0;
0.0;0.0;0.0;0.0;
0.0;0.0;0.0;0.0;
0.0;0.0;0.0;0.0;
0.0;0.0;0.0;0.0;
0.0;0.0;0.0;0.0;
0.0;0.0;0.0;0.0;
0.0;0.0;0.0;0.0;
0.0;0.0;0.0;0.0;
0.0;0.0;0.0;0.0;
0.0;0.0;0.0;0.0;
0.0;0.0;0.0;0.0;
0.0;0.0;0.0;0.0;
0.0;0.0;0.0;0.0;
0.0;0.0;0.0;0.0;
0.0;0.0;0.0;0.0;
0.0;0.0;0.0;0.0;
0.0;0.0;0.0;0.0;
0.0;0.0;0.0;0.0;
0.0;0.0;0.0;0.0;
0.0;0.0;0.0;0.0;
0.0;0.0;0.0;0.0;
0.0;0.0;0.0;0.0;
0.0;0.0;0.0;0.0;
0.0;0.0;0.0;0.0;
1.1652409876291959E-8;9.438451999796487E-9;0.0;0.0;
0.0;0.0;0.0;0.0;
7.763375321999215E-8;9.584413977776807E-8;0.0;0.0;
0.0;0.0;0.0;0.0;
0.0;0.0;0.0;0.0;
0.0;0.0;0.0;0.0;
0.0;0.0;0.0;0.0;
0.0;0.0;0.0;0.0;
0.0;0.0;0.0;0.0;
0.0;0.0;0.0;0.0;
4.189579459902978E-7;3.3935593625214124E-7;0.0;0.0;
0.0;0.0;0.0;0.0;
0.0;0.0;0.0;0.0;
0.0;0.0;0.0;0.0;
0.0;0.0;0.0;0.0;
0.0;0.0;0.0;0.0;
0.0;0.0;0.0;0.0;
0.0;0.0;0.0;0.0;
0.0;0.0;0.0;0.0;
0.0;0.0;0.0;0.0;
2.7069215971855224E-8;3.341878515043855E-8;0.0;0.0;
0.0;0.0;0.0;0.0;
0.0;0.0;0.0;0.0;
0.0;0.0;0.0;0.0;
0.0;0.0;0.0;0.0;
0.0;0.0;0.0;0.0;
0.0;0.0;0.0;0.0;
0.0;0.0;0.0;0.0;
0.0;0.0;0.0;0.0;
0.0;0.0;0.0;0.0;
0.0;0.0;0.0;0.0;
0.0;0.0;0.0;0.0;
0.0;0.0;0.0;0.0;
0.0;0.0;0.0;0.0;
0.0;0.0;0.0;0.0;
0.0;0.0;0.0;0.0;
0.0;0.0;0.0;0.0;
0.0;0.0;0.0;0.0;
0.0;0.0;0.0;0.0;
0.0;0.0;0.0;0.0;
0.0;0.0;0.0;0.0;
0.0;0.0;0.0;0.0;
0.0;0.0;0.0;0.0;
0.0;0.0;0.0;0.0;
0.0;0.0;0.0;0.0;
0.0;0.0;0.0;0.0;
0.0;0.0;0.0;0.0;
0.0;0.0;0.0;0.0;
0.0;0.0;0.0;0.0;
0.0;0.0;0.0;0.0;
0.0;0.0;0.0;0.0;
0.0;0.0;0.0;0.0;
0.0;0.0;0.0;0.0;
0.0;0.0;0.0;0.0;
0.0;0.0;0.0;0.0;
0.0;0.0;0.0;0.0;
0.0;0.0;0.0;0.0;
0.0;3.656649689164184E-9;0.0;4.514382332301461E-9;
0.0;0.0;4.062944099071315E-9;5.015980369223846E-9;
0.0;5.573311521359828E-9;4.514382332301461E-9;0.0;
0.0;0.0;0.0;0.0;
1.0487168888662763E-8;8.494606799816839E-9;0.0;0.0;
0.0;0.0;0.0;0.0;
8.625972579999127E-8;8.625972579999127E-8;0.0;1.0649348864196452E-7;
0.0;0.0;9.584413977776807E-8;1.1832609849107169E-7;
0.0;0.0;1.0649348864196452E-7;1.3147344276785743E-7;
0.0;0.0;1.1832609849107169E-7;1.4608160307539714E-7;
0.0;0.0;1.3147344276785743E-7;1.6231289230599683E-7;
0.0;0.0;1.4608160307539714E-7;1.8034765811777424E-7;
0.0;2.0038628679752693E-7;1.6231289230599683E-7;0.0;
0.0;0.0;0.0;0.0;
3.7706215139126806E-7;3.054203426269271E-7;0.0;0.0;
0.0;0.0;0.0;0.0;
0.0;1.3147344276785743E-7;0.0;1.0649348864196452E-7;
0.0;0.0;1.1832609849107169E-7;9.584413977776807E-8;
0.0;0.0;1.0649348864196452E-7;8.625972579999127E-8;
0.0;0.0;9.584413977776807E-8;7.763375321999215E-8;
0.0;6.987037789799293E-8;8.625972579999127E-8;6.987037789799293E-8;
0.0;0.0;7.763375321999215E-8;6.288334010819365E-8;
0.0;0.0;6.987037789799293E-8;0.0;
0.0;0.0;0.0;0.0;
3.007690663539469E-8;3.713198350048727E-8;0.0;0.0;
0.0;0.0;0.0;0.0;
0.0;0.0;0.0;0.0;
0.0;0.0;0.0;0.0;
0.0;0.0;0.0;0.0;
0.0;0.0;0.0;0.0;
0.0;0.0;0.0;0.0;
0.0;0.0;0.0;0.0;
0.0;0.0;0.0;0.0;
0.0;0.0;0.0;0.0;
0.0;0.0;0.0;0.0;
0.0;0.0;0.0;0.0;
0.0;0.0;0.0;0.0;
0.0;0.0;0.0;0.0;
0.0;0.0;0.0;0.0;
0.0;0.0;0.0;0.0;
0.0;0.0;0.0;0.0;
0.0;0.0;0.0;0.0;
0.0;0.0;0.0;0.0;
0.0;0.0;0.0;0.0;
0.0;0.0;0.0;0.0;
0.0;0.0;0.0;0.0;
0.0;0.0;0.0;0.0;
0.0;0.0;0.0;0.0;
0.0;0.0;0.0;0.0;
0.0;0.0;0.0;0.0;
0.0;0.0;0.0;0.0;
0.0;0.0;0.0;0.0;
0.0;0.0;0.0;0.0;
0.0;0.0;0.0;0.0;
0.0;0.0;0.0;0.0;
0.0;0.0;0.0;0.0;
0.0;0.0;0.0;0.0;
0.0;0.0;0.0;0.0;
0.0;0.0;0.0;0.0;
0.0;0.0;0.0;0.0;
0.0;0.0;0.0;0.0;
4.062944099071315E-9;3.2909847202477655E-9;0.0;0.0;
0.0;0.0;0.0;0.0;
5.015980369223846E-9;6.192568357066476E-9;0.0;0.0;
0.0;0.0;0.0;0.0;
9.438451999796487E-9;7.645146119835154E-9;0.0;0.0;
0.0;0.0;0.0;0.0;
9.584413977776807E-8;7.763375321999215E-8;0.0;0.0;
0.0;0.0;0.0;0.0;
0.0;0.0;0.0;0.0;
0.0;0.0;0.0;0.0;
0.0;0.0;0.0;0.0;
0.0;0.0;0.0;0.0;
1.8034765811777424E-7;2.226514297750299E-7;0.0;0.0;
0.0;0.0;0.0;0.0;
3.3935593625214124E-7;2.748783083642344E-7;0.0;0.0;
0.0;0.0;0.0;0.0;
1.1832609849107169E-7;1.4608160307539714E-7;0.0;0.0;
0.0;0.0;0.0;0.0;
0.0;0.0;0.0;0.0;
0.0;0.0;0.0;0.0;
7.763375321999215E-8;6.288334010819365E-8;0.0;0.0;
0.0;0.0;0.0;0.0;
0.0;0.0;0.0;0.0;
0.0;0.0;0.0;0.0;
3.341878515043855E-8;4.125775944498586E-8;0.0;0.0;
0.0;0.0;0.0;0.0;
0.0;0.0;0.0;0.0;
0.0;0.0;0.0;0.0;
0.0;0.0;0.0;0.0;
0.0;0.0;0.0;0.0;
0.0;0.0;0.0;0.0;
0.0;0.0;0.0;0.0;
0.0;0.0;0.0;0.0;
0.0;0.0;0.0;0.0;
0.0;0.0;0.0;0.0;
0.0;0.0;0.0;0.0;
0.0;0.0;0.0;0.0;
0.0;0.0;0.0;0.0;
0.0;0.0;0.0;0.0;
0.0;0.0;0.0;0.0;
0.0;0.0;0.0;0.0;
0.0;0.0;0.0;0.0;
0.0;0.0;0.0;0.0;
0.0;0.0;0.0;0.0;
0.0;0.0;0.0;0.0;
0.0;0.0;0.0;0.0;
0.0;0.0;0.0;0.0;
0.0;0.0;0.0;0.0;
0.0;0.0;0.0;0.0;
0.0;0.0;0.0;0.0;
0.0;0.0;0.0;0.0;
0.0;0.0;0.0;0.0;
0.0;0.0;0.0;0.0;
0.0;0.0;0.0;0.0;
0.0;0.0;0.0;0.0;
0.0;0.0;0.0;0.0;
0.0;0.0;0.0;0.0;
0.0;0.0;0.0;0.0;
0.0;0.0;0.0;0.0;
0.0;0.0;0.0;0.0;
0.0;0.0;0.0;0.0;
3.656649689164184E-9;2.961886248222989E-9;0.0;0.0;
0.0;0.0;0.0;0.0;
5.573311521359828E-9;0.0;0.0;6.8806315078516394E-9;
0.0;0.0;6.192568357066476E-9;7.645146119835154E-9;
8.494606799816839E-9;0.0;6.8806315078516394E-9;0.0;
0.0;0.0;0.0;0.0;
8.625972579999127E-8;0.0;0.0;6.987037789799293E-8;
0.0;0.0;7.763375321999215E-8;6.288334010819365E-8;
0.0;5.6595006097374286E-8;6.987037789799293E-8;0.0;
0.0;0.0;0.0;0.0;
0.0;1.6231289230599683E-7;0.0;2.0038628679752693E-7;
0.0;0.0;1.8034765811777424E-7;2.226514297750299E-7;
2.0038628679752693E-7;0.0;2.0038628679752693E-7;2.47390477527811E-7;
0.0;0.0;2.226514297750299E-7;2.748783083642344E-7;
3.054203426269271E-7;2.47390477527811E-7;2.47390477527811E-7;0.0;
0.0;0.0;0.0;0.0;
1.3147344276785743E-7;1.6231289230599683E-7;0.0;1.3147344276785743E-7;
0.0;0.0;1.4608160307539714E-7;1.1832609849107169E-7;
0.0;1.0649348864196452E-7;1.3147344276785743E-7;0.0;
0.0;0.0;0.0;0.0;
6.987037789799293E-8;0.0;0.0;5.6595006097374286E-8;
0.0;0.0;6.288334010819365E-8;5.093550548763686E-8;
0.0;4.5841954938873176E-8;5.6595006097374286E-8;4.5841954938873176E-8;
0.0;0.0;5.093550548763686E-8;4.125775944498586E-8;
3.713198350048727E-8;0.0;4.5841954938873176E-8;0.0;
0.0;0.0;0.0;0.0;
0.0;0.0;0.0;0.0;
0.0;0.0;0.0;0.0;
0.0;0.0;0.0;0.0;
0.0;0.0;0.0;0.0;
0.0;0.0;0.0;0.0;
0.0;0.0;0.0;0.0;
0.0;0.0;0.0;0.0;
0.0;0.0;0.0;0.0;
0.0;0.0;0.0;0.0;
0.0;0.0;0.0;0.0;
0.0;0.0;0.0;0.0;
0.0;0.0;0.0;0.0;
0.0;0.0;0.0;0.0;
0.0;0.0;0.0;0.0;
0.0;0.0;0.0;0.0;
0.0;0.0;0.0;0.0;
0.0;0.0;0.0;0.0;
0.0;0.0;0.0;0.0;
0.0;0.0;0.0;0.0;
0.0;0.0;0.0;0.0;
0.0;0.0;0.0;0.0;
0.0;0.0;0.0;0.0;
0.0;0.0;0.0;0.0;
0.0;0.0;0.0;0.0;
0.0;0.0;0.0;0.0;
0.0;0.0;0.0;0.0;
0.0;0.0;0.0;0.0;
0.0;0.0;0.0;0.0;
0.0;0.0;0.0;0.0;
0.0;0.0;0.0;0.0;
0.0;0.0;0.0;0.0;
0.0;0.0;0.0;0.0;
0.0;0.0;0.0;0.0;
0.0;0.0;0.0;0.0;
0.0;0.0;0.0;0.0;
3.2909847202477655E-9;2.66569762340069E-9;0.0;0.0;
0.0;0.0;0.0;0.0;
0.0;0.0;0.0;0.0;
0.0;0.0;0.0;0.0;
0.0;0.0;0.0;0.0;
0.0;0.0;0.0;0.0;
0.0;0.0;0.0;0.0;
0.0;0.0;0.0;0.0;
6.288334010819365E-8;5.093550548763686E-8;0.0;0.0;
0.0;0.0;0.0;0.0;
1.8034765811777424E-7;1.4608160307539714E-7;0.0;0.0;
0.0;0.0;0.0;0.0;
0.0;0.0;0.0;0.0;
0.0;0.0;0.0;0.0;
2.748783083642344E-7;2.226514297750299E-7;0.0;0.0;
0.0;0.0;0.0;0.0;
1.4608160307539714E-7;1.8034765811777424E-7;0.0;0.0;
0.0;0.0;0.0;0.0;
1.1832609849107169E-7;9.584413977776807E-8;0.0;0.0;
0.0;0.0;0.0;0.0;
0.0;0.0;0.0;0.0;
0.0;0.0;0.0;0.0;
5.093550548763686E-8;4.125775944498586E-8;0.0;0.0;
0.0;0.0;0.0;0.0;
0.0;0.0;0.0;0.0;
0.0;0.0;0.0;0.0;
0.0;0.0;0.0;0.0;
0.0;0.0;0.0;0.0;
0.0;0.0;0.0;0.0;
0.0;0.0;0.0;0.0;
0.0;0.0;0.0;0.0;
0.0;0.0;0.0;0.0;
0.0;0.0;0.0;0.0;
0.0;0.0;0.0;0.0;
0.0;0.0;0.0;0.0;
0.0;0.0;0.0;0.0;
0.0;0.0;0.0;0.0;
0.0;0.0;0.0;0.0;
0.0;0.0;0.0;0.0;
0.0;0.0;0.0;0.0;
0.0;0.0;0.0;0.0;
0.0;0.0;0.0;0.0;
0.0;0.0;0.0;0.0;
0.0;0.0;0.0;0.0;
0.0;0.0;0.0;0.0;
0.0;0.0;0.0;0.0;
0.0;0.0;0.0;0.0;
0.0;0.0;0.0;0.0;
0.0;0.0;0.0;0.0;
0.0;0.0;0.0;0.0;
0.0;0.0;0.0;0.0;
0.0;0.0;0.0;0.0;
0.0;0.0;0.0;0.0;
0.0;0.0;0.0;0.0;
0.0;0.0;0.0;0.0;
0.0;0.0;0.0;0.0;
0.0;0.0;0.0;0.0;
0.0;0.0;0.0;0.0;
0.0;0.0;0.0;0.0;
0.0;0.0;0.0;0.0;
0.0;0.0;0.0;0.0;
2.961886248222989E-9;2.399127861060621E-9;0.0;0.0;
0.0;0.0;0.0;0.0;
0.0;1.2947122084768843E-8;0.0;0.0;
0.0;0.0;0.0;0.0;
0.0;1.0487168888662763E-8;0.0;8.494606799816839E-9;
0.0;0.0;9.438451999796487E-9;7.645146119835154E-9;
0.0;0.0;8.494606799816839E-9;0.0;
0.0;0.0;0.0;0.0;
5.6595006097374286E-8;4.5841954938873176E-8;0.0;0.0;
0.0;0.0;0.0;0.0;
1.6231289230599683E-7;1.3147344276785743E-7;0.0;0.0;
0.0;0.0;0.0;0.0;
0.0;0.0;0.0;2.0038628679752693E-7;
0.0;0.0;1.8034765811777424E-7;2.226514297750299E-7;
2.47390477527811E-7;0.0;2.0038628679752693E-7;2.0038628679752693E-7;
0.0;0.0;2.226514297750299E-7;1.8034765811777424E-7;
1.6231289230599683E-7;0.0;2.0038628679752693E-7;0.0;
0.0;0.0;0.0;0.0;
1.0649348864196452E-7;0.0;0.0;8.625972579999127E-8;
0.0;0.0;9.584413977776807E-8;7.763375321999215E-8;
0.0;6.987037789799293E-8;8.625972579999127E-8;0.0;
0.0;0.0;0.0;0.0;
4.5841954938873176E-8;0.0;0.0;3.713198350048727E-8;
0.0;0.0;4.125775944498586E-8;3.341878515043855E-8;
0.0;0.0;3.713198350048727E-8;0.0;
0.0;0.0;0.0;0.0;
0.0;0.0;0.0;0.0;
0.0;0.0;0.0;0.0;
0.0;0.0;0.0;0.0;
0.0;0.0;0.0;0.0;
0.0;0.0;0.0;0.0;
0.0;0.0;0.0;0.0;
0.0;0.0;0.0;0.0;
0.0;0.0;0.0;0.0;
0.0;0.0;0.0;0.0;
0.0;0.0;0.0;0.0;
0.0;0.0;0.0;0.0;
0.0;0.0;0.0;0.0;
0.0;0.0;0.0;0.0;
0.0;0.0;0.0;0.0;
0.0;0.0;0.0;0.0;
0.0;0.0;0.0;0.0;
0.0;0.0;0.0;0.0;
0.0;0.0;0.0;0.0;
0.0;0.0;0.0;0.0;
0.0;0.0;0.0;0.0;
0.0;0.0;0.0;0.0;
0.0;0.0;0.0;0.0;
0.0;0.0;0.0;0.0;
0.0;0.0;0.0;0.0;
0.0;0.0;0.0;0.0;
0.0;0.0;0.0;0.0;
0.0;0.0;0.0;0.0;
0.0;0.0;0.0;0.0;
0.0;0.0;0.0;0.0;
0.0;0.0;0.0;0.0;
0.0;0.0;0.0;0.0;
0.0;0.0;0.0;0.0;
0.0;0.0;0.0;0.0;
0.0;0.0;0.0;0.0;
0.0;0.0;0.0;0.0;
2.66569762340069E-9;2.159215074954559E-9;0.0;0.0;
0.0;0.0;0.0;0.0;
1.1652409876291959E-8;1.4385691205298714E-8;0.0;0.0;
0.0;0.0;0.0;0.0;
9.438451999796487E-9;1.1652409876291959E-8;0.0;0.0;
0.0;0.0;0.0;0.0;
0.0;0.0;0.0;0.0;
0.0;0.0;0.0;0.0;
5.093550548763686E-8;4.125775944498586E-8;0.0;0.0;
0.0;0.0;0.0;0.0;
1.4608160307539714E-7;1.1832609849107169E-7;0.0;0.0;
0.0;0.0;0.0;0.0;
0.0;0.0;0.0;0.0;
0.0;0.0;0.0;0.0;
0.0;0.0;0.0;0.0;
0.0;0.0;0.0;0.0;
0.0;0.0;0.0;0.0;
0.0;0.0;0.0;0.0;
0.0;0.0;0.0;0.0;
0.0;0.0;0.0;0.0;
7.763375321999215E-8;6.288334010819365E-8;0.0;0.0;
0.0;0.0;0.0;0.0;
0.0;0.0;0.0;0.0;
0.0;0.0;0.0;0.0;
0.0;0.0;0.0;0.0;
0.0;0.0;0.0;0.0;
0.0;0.0;0.0;0.0;
0.0;0.0;0.0;0.0;
0.0;0.0;0.0;0.0;
0.0;0.0;0.0;0.0;
0.0;0.0;0.0;0.0;
0.0;0.0;0.0;0.0;
0.0;0.0;0.0;0.0;
0.0;0.0;0.0;0.0;
0.0;0.0;0.0;0.0;
0.0;0.0;0.0;0.0;
0.0;0.0;0.0;0.0;
0.0;0.0;0.0;0.0;
0.0;0.0;0.0;0.0;
0.0;0.0;0.0;0.0;
0.0;0.0;0.0;0.0;
0.0;0.0;0.0;0.0;
0.0;0.0;0.0;0.0;
0.0;0.0;0.0;0.0;
0.0;0.0;0.0;0.0;
0.0;0.0;0.0;0.0;
0.0;0.0;0.0;0.0;
0.0;0.0;0.0;0.0;
0.0;0.0;0.0;0.0;
0.0;0.0;0.0;0.0;
0.0;0.0;0.0;0.0;
0.0;0.0;0.0;0.0;
0.0;0.0;0.0;0.0;
0.0;0.0;0.0;0.0;
0.0;0.0;0.0;0.0;
0.0;0.0;0.0;0.0;
0.0;0.0;0.0;0.0;
0.0;0.0;0.0;0.0;
0.0;0.0;0.0;0.0;
0.0;0.0;0.0;0.0;
0.0;0.0;0.0;0.0;
2.399127861060621E-9;1.943293567459103E-9;0.0;0.0;
0.0;0.0;0.0;0.0;
1.2947122084768843E-8;1.5984101339220792E-8;0.0;1.2947122084768843E-8;
0.0;0.0;1.4385691205298714E-8;1.1652409876291959E-8;
1.0487168888662763E-8;0.0;1.2947122084768843E-8;0.0;
0.0;0.0;0.0;0.0;
0.0;3.007690663539469E-8;0.0;3.713198350048727E-8;
0.0;0.0;3.341878515043855E-8;4.125775944498586E-8;
4.5841954938873176E-8;0.0;3.713198350048727E-8;0.0;
0.0;0.0;0.0;0.0;
1.3147344276785743E-7;0.0;0.0;1.0649348864196452E-7;
0.0;0.0;1.1832609849107169E-7;9.584413977776807E-8;
0.0;0.0;1.0649348864196452E-7;8.625972579999127E-8;
0.0;0.0;9.584413977776807E-8;7.763375321999215E-8;
0.0;6.987037789799293E-8;8.625972579999127E-8;0.0;
0.0;0.0;0.0;0.0;
0.0;0.0;0.0;3.007690663539469E-8;
0.0;0.0;2.7069215971855224E-8;3.341878515043855E-8;
0.0;3.713198350048727E-8;3.007690663539469E-8;0.0;
0.0;0.0;0.0;0.0;
6.987037789799293E-8;5.6595006097374286E-8;0.0;0.0;
0.0;0.0;0.0;0.0;
0.0;4.445632362182266E-10;0.0;5.488435015039834E-10;
0.0;0.0;4.939591513535851E-10;6.098261127822038E-10;
0.0;6.775845697580042E-10;5.488435015039834E-10;0.0;
0.0;0.0;0.0;0.0;
0.0;0.0;0.0;0.0;
0.0;0.0;0.0;0.0;
0.0;0.0;0.0;0.0;
0.0;0.0;0.0;0.0;
0.0;0.0;0.0;0.0;
0.0;0.0;0.0;0.0;
0.0;0.0;0.0;0.0;
0.0;0.0;0.0;0.0;
0.0;0.0;0.0;0.0;
0.0;0.0;0.0;0.0;
0.0;0.0;0.0;0.0;
0.0;0.0;0.0;0.0;
0.0;0.0;0.0;0.0;
0.0;0.0;0.0;0.0;
0.0;0.0;0.0;0.0;
0.0;0.0;0.0;0.0;
0.0;0.0;0.0;0.0;
0.0;0.0;0.0;0.0;
0.0;0.0;0.0;0.0;
0.0;0.0;0.0;0.0;
0.0;0.0;0.0;0.0;
0.0;0.0;0.0;0.0;
0.0;0.0;0.0;0.0;
0.0;0.0;0.0;0.0;
0.0;0.0;0.0;0.0;
0.0;0.0;0.0;0.0;
0.0;0.0;0.0;0.0;
0.0;0.0;0.0;0.0;
0.0;0.0;0.0;0.0;
0.0;0.0;0.0;0.0;
0.0;0.0;0.0;0.0;
0.0;0.0;0.0;0.0;
0.0;0.0;0.0;0.0;
0.0;0.0;0.0;0.0;
0.0;0.0;0.0;0.0;
2.159215074954559E-9;1.748964210713193E-9;0.0;0.0;
0.0;0.0;0.0;0.0;
1.4385691205298714E-8;1.7760112599134214E-8;0.0;0.0;
0.0;0.0;0.0;0.0;
0.0;0.0;0.0;0.0;
0.0;0.0;0.0;0.0;
3.341878515043855E-8;2.7069215971855224E-8;0.0;0.0;
0.0;0.0;0.0;0.0;
0.0;0.0;0.0;0.0;
0.0;0.0;0.0;0.0;
0.0;0.0;0.0;0.0;
0.0;0.0;0.0;0.0;
0.0;0.0;0.0;0.0;
0.0;0.0;0.0;0.0;
7.763375321999215E-8;6.288334010819365E-8;0.0;0.0;
0.0;0.0;0.0;0.0;
0.0;0.0;0.0;0.0;
0.0;0.0;0.0;0.0;
3.341878515043855E-8;4.125775944498586E-8;0.0;0.0;
0.0;0.0;0.0;0.0;
6.288334010819365E-8;5.093550548763686E-8;0.0;0.0;
0.0;0.0;0.0;0.0;
4.939591513535851E-10;4.0010691259640395E-10;0.0;0.0;
0.0;0.0;0.0;0.0;
6.098261127822038E-10;7.528717441755603E-10;0.0;0.0;
0.0;0.0;0.0;0.0;
0.0;0.0;0.0;0.0;
0.0;0.0;0.0;0.0;
0.0;0.0;0.0;0.0;
0.0;0.0;0.0;0.0;
0.0;0.0;0.0;0.0;
0.0;0.0;0.0;0.0;
0.0;0.0;0.0;0.0;
0.0;0.0;0.0;0.0;
0.0;0.0;0.0;0.0;
0.0;0.0;0.0;0.0;
0.0;0.0;0.0;0.0;
0.0;0.0;0.0;0.0;
0.0;0.0;0.0;0.0;
0.0;0.0;0.0;0.0;
0.0;0.0;0.0;0.0;
0.0;0.0;0.0;0.0;
0.0;0.0;0.0;0.0;
0.0;0.0;0.0;0.0;
0.0;0.0;0.0;0.0;
0.0;0.0;0.0;0.0;
0.0;0.0;0.0;0.0;
0.0;0.0;0.0;0.0;
0.0;0.0;0.0;0.0;
0.0;0.0;0.0;0.0;
0.0;0.0;0.0;0.0;
0.0;0.0;0.0;0.0;
0.0;0.0;0.0;0.0;
0.0;0.0;0.0;0.0;
0.0;0.0;0.0;0.0;
0.0;0.0;0.0;0.0;
0.0;0.0;0.0;0.0;
0.0;0.0;0.0;0.0;
0.0;0.0;0.0;0.0;
0.0;1.2749949096099177E-9;0.0;1.5740677896418736E-9;
0.0;0.0;1.4166610106776862E-9;1.748964210713193E-9;
1.943293567459103E-9;0.0;1.5740677896418736E-9;0.0;
0.0;0.0;0.0;0.0;
1.5984101339220792E-8;0.0;0.0;1.973345844348246E-8;
0.0;0.0;1.7760112599134214E-8;2.1926064937202732E-8;
0.0;0.0;1.973345844348246E-8;2.4362294374669703E-8;
0.0;0.0;2.1926064937202732E-8;2.7069215971855224E-8;
3.007690663539469E-8;0.0;2.4362294374669703E-8;0.0;
0.0;0.0;0.0;0.0;
0.0;1.973345844348246E-8;0.0;2.4362294374669703E-8;
0.0;0.0;2.1926064937202732E-8;2.7069215971855224E-8;
0.0;0.0;2.4362294374669703E-8;3.007690663539469E-8;
0.0;0.0;2.7069215971855224E-8;3.341878515043855E-8;
0.0;3.713198350048727E-8;3.007690663539469E-8;0.0;
0.0;0.0;0.0;0.0;
6.987037789799293E-8;5.6595006097374286E-8;0.0;5.6595006097374286E-8;
0.0;0.0;6.288334010819365E-8;5.093550548763686E-8;
0.0;4.5841954938873176E-8;5.6595006097374286E-8;0.0;
0.0;0.0;0.0;0.0;
3.713198350048727E-8;0.0;0.0;4.5841954938873176E-8;
0.0;0.0;4.125775944498586E-8;5.093550548763686E-8;
5.6595006097374286E-8;0.0;4.5841954938873176E-8;0.0;
0.0;0.0;0.0;0.0;
4.445632362182266E-10;3.6009622133676357E-10;0.0;0.0;
0.0;0.0;0.0;0.0;
6.775845697580042E-10;8.365241601950669E-10;0.0;0.0;
0.0;0.0;0.0;0.0;
0.0;0.0;0.0;0.0;
0.0;0.0;0.0;0.0;
0.0;0.0;0.0;0.0;
0.0;0.0;0.0;0.0;
0.0;0.0;0.0;0.0;
0.0;0.0;0.0;0.0;
0.0;0.0;0.0;0.0;
0.0;0.0;0.0;0.0;
0.0;0.0;0.0;0.0;
0.0;0.0;0.0;0.0;
0.0;0.0;0.0;0.0;
0.0;0.0;0.0;0.0;
0.0;0.0;0.0;0.0;
0.0;0.0;0.0;0.0;
0.0;0.0;0.0;0.0;
0.0;0.0;0.0;0.0;
0.0;0.0;0.0;0.0;
0.0;0.0;0.0;0.0;
0.0;0.0;0.0;0.0;
0.0;0.0;0.0;0.0;
0.0;0.0;0.0;0.0;
0.0;0.0;0.0;0.0;
0.0;0.0;0.0;0.0;
0.0;0.0;0.0;0.0;
0.0;0.0;0.0;0.0;
0.0;0.0;0.0;0.0;
0.0;0.0;0.0;0.0;
0.0;0.0;0.0;0.0;
0.0;0.0;0.0;0.0;
0.0;0.0;0.0;0.0;
0.0;0.0;0.0;0.0;
0.0;0.0;0.0;0.0;
0.0;0.0;0.0;0.0;
1.4166610106776862E-9;1.1474954186489259E-9;0.0;0.0;
0.0;0.0;0.0;0.0;
0.0;0.0;0.0;0.0;
0.0;0.0;0.0;0.0;
0.0;0.0;0.0;0.0;
0.0;0.0;0.0;0.0;
0.0;0.0;0.0;0.0;
0.0;0.0;0.0;0.0;
0.0;0.0;0.0;0.0;
0.0;0.0;0.0;0.0;
2.1926064937202732E-8;1.7760112599134214E-8;0.0;0.0;
0.0;0.0;0.0;0.0;
0.0;0.0;0.0;0.0;
0.0;0.0;0.0;0.0;
3.341878515043855E-8;4.125775944498586E-8;0.0;0.0;
0.0;0.0;0.0;0.0;
6.288334010819365E-8;5.093550548763686E-8;0.0;0.0;
0.0;0.0;0.0;0.0;
5.093550548763686E-8;4.125775944498586E-8;0.0;0.0;
0.0;0.0;0.0;0.0;
0.0;0.0;0.0;0.0;
0.0;0.0;0.0;0.0;
0.0;0.0;0.0;0.0;
0.0;0.0;0.0;0.0;
4.0010691259640395E-10;3.2408659920308724E-10;0.0;0.0;
0.0;0.0;0.0;0.0;
7.528717441755603E-10;9.294712891056299E-10;0.0;0.0;
0.0;0.0;0.0;0.0;
0.0;0.0;0.0;0.0;
0.0;0.0;0.0;0.0;
0.0;0.0;0.0;0.0;
0.0;0.0;0.0;0.0;
0.0;0.0;0.0;0.0;
0.0;0.0;0.0;0.0;
0.0;0.0;0.0;0.0;
0.0;0.0;0.0;0.0;
0.0;0.0;0.0;0.0;
0.0;0.0;0.0;0.0;
0.0;0.0;0.0;0.0;
0.0;0.0;0.0;0.0;
0.0;0.0;0.0;0.0;
0.0;0.0;0.0;0.0;
0.0;0.0;0.0;0.0;
0.0;0.0;0.0;0.0;
0.0;0.0;0.0;0.0;
0.0;0.0;0.0;0.0;
0.0;0.0;0.0;0.0;
0.0;0.0;0.0;0.0;
0.0;0.0;0.0;0.0;
0.0;0.0;0.0;0.0;
0.0;0.0;0.0;0.0;
0.0;0.0;0.0;0.0;
0.0;0.0;0.0;0.0;
0.0;0.0;0.0;0.0;
0.0;0.0;0.0;0.0;
0.0;0.0;0.0;0.0;
0.0;0.0;0.0;0.0;
0.0;0.0;0.0;0.0;
0.0;0.0;0.0;0.0;
0.0;0.0;0.0;0.0;
0.0;0.0;0.0;0.0;
1.2749949096099177E-9;0.0;0.0;0.0;
0.0;0.0;0.0;0.0;
0.0;0.0;0.0;0.0;
0.0;0.0;0.0;0.0;
0.0;0.0;0.0;0.0;
0.0;0.0;0.0;0.0;
0.0;6.8806315078516394E-9;0.0;8.494606799816839E-9;
0.0;0.0;7.645146119835154E-9;9.438451999796487E-9;
0.0;1.0487168888662763E-8;8.494606799816839E-9;0.0;
0.0;0.0;0.0;0.0;
1.973345844348246E-8;1.5984101339220792E-8;0.0;0.0;
0.0;0.0;0.0;0.0;
0.0;2.961886248222989E-9;0.0;0.0;
0.0;0.0;0.0;0.0;
3.713198350048727E-8;0.0;0.0;4.5841954938873176E-8;
0.0;0.0;4.125775944498586E-8;5.093550548763686E-8;
5.6595006097374286E-8;4.5841954938873176E-8;4.5841954938873176E-8;0.0;
0.0;0.0;0.0;0.0;
4.5841954938873176E-8;0.0;0.0;3.713198350048727E-8;
0.0;0.0;4.125775944498586E-8;3.341878515043855E-8;
0.0;0.0;3.713198350048727E-8;3.007690663539469E-8;
0.0;0.0;3.341878515043855E-8;2.7069215971855224E-8;
0.0;2.4362294374669703E-8;3.007690663539469E-8;0.0;
0.0;0.0;0.0;0.0;
3.6009622133676357E-10;2.916779392827785E-10;0.0;0.0;
0.0;0.0;0.0;0.0;
8.365241601950669E-10;1.0327458767840333E-9;0.0;0.0;
0.0;0.0;0.0;0.0;
0.0;0.0;0.0;0.0;
0.0;0.0;0.0;0.0;
0.0;0.0;0.0;0.0;
0.0;0.0;0.0;0.0;
0.0;0.0;0.0;0.0;
0.0;0.0;0.0;0.0;
0.0;0.0;0.0;0.0;
0.0;0.0;0.0;0.0;
0.0;0.0;0.0;0.0;
0.0;0.0;0.0;0.0;
0.0;0.0;0.0;0.0;
0.0;0.0;0.0;0.0;
0.0;0.0;0.0;0.0;
0.0;0.0;0.0;0.0;
0.0;0.0;0.0;0.0;
0.0;0.0;0.0;0.0;
0.0;0.0;0.0;0.0;
0.0;0.0;0.0;0.0;
0.0;0.0;0.0;0.0;
0.0;0.0;0.0;0.0;
0.0;0.0;0.0;0.0;
0.0;0.0;0.0;0.0;
0.0;0.0;0.0;0.0;
0.0;0.0;0.0;0.0;
0.0;0.0;0.0;0.0;
0.0;0.0;0.0;0.0;
0.0;0.0;0.0;0.0;
0.0;0.0;0.0;0.0;
0.0;0.0;0.0;0.0;
0.0;0.0;0.0;0.0;
0.0;0.0;0.0;0.0;
0.0;0.0;0.0;0.0;
0.0;0.0;0.0;0.0;
0.0;0.0;0.0;0.0;
0.0;0.0;0.0;0.0;
0.0;0.0;0.0;0.0;
0.0;0.0;0.0;0.0;
0.0;0.0;0.0;0.0;
0.0;0.0;0.0;0.0;
7.645146119835154E-9;6.192568357066476E-9;0.0;0.0;
0.0;0.0;0.0;0.0;
9.438451999796487E-9;1.1652409876291959E-8;0.0;0.0;
0.0;0.0;0.0;0.0;
1.7760112599134214E-8;1.4385691205298714E-8;0.0;0.0;
0.0;0.0;0.0;0.0;
2.66569762340069E-9;3.2909847202477655E-9;0.0;0.0;
0.0;0.0;0.0;0.0;
0.0;0.0;0.0;0.0;
0.0;0.0;0.0;0.0;
5.093550548763686E-8;4.125775944498586E-8;0.0;0.0;
0.0;0.0;0.0;0.0;
0.0;0.0;0.0;0.0;
0.0;0.0;0.0;0.0;
0.0;0.0;0.0;0.0;
0.0;0.0;0.0;0.0;
2.7069215971855224E-8;2.1926064937202732E-8;0.0;0.0;
0.0;0.0;0.0;0.0;
3.2408659920308724E-10;2.625101453545007E-10;0.0;0.0;
0.0;0.0;0.0;0.0;
9.294712891056299E-10;1.1474954186489259E-9;0.0;0.0;
0.0;0.0;0.0;0.0;
0.0;0.0;0.0;0.0;
0.0;0.0;0.0;0.0;
0.0;0.0;0.0;0.0;
0.0;0.0;0.0;0.0;
0.0;0.0;0.0;0.0;
0.0;0.0;0.0;0.0;
0.0;0.0;0.0;0.0;
0.0;0.0;0.0;0.0;
0.0;0.0;0.0;0.0;
0.0;0.0;0.0;0.0;
0.0;0.0;0.0;0.0;
0.0;0.0;0.0;0.0;
0.0;0.0;0.0;0.0;
0.0;0.0;0.0;0.0;
0.0;0.0;0.0;0.0;
0.0;0.0;0.0;0.0;
0.0;0.0;0.0;0.0;
0.0;0.0;0.0;0.0;
0.0;0.0;0.0;0.0;
0.0;0.0;0.0;0.0;
0.0;0.0;0.0;0.0;
0.0;0.0;0.0;0.0;
0.0;0.0;0.0;0.0;
0.0;0.0;0.0;0.0;
0.0;0.0;0.0;0.0;
0.0;0.0;0.0;0.0;
0.0;0.0;0.0;0.0;
0.0;0.0;0.0;0.0;
0.0;0.0;0.0;0.0;
0.0;0.0;0.0;0.0;
0.0;0.0;0.0;0.0;
0.0;0.0;0.0;0.0;
0.0;0.0;0.0;0.0;
0.0;0.0;0.0;0.0;
0.0;0.0;0.0;0.0;
0.0;0.0;0.0;0.0;
0.0;0.0;0.0;0.0;
0.0;0.0;0.0;0.0;
0.0;0.0;0.0;0.0;
6.8806315078516394E-9;5.573311521359828E-9;0.0;0.0;
0.0;0.0;0.0;0.0;
1.0487168888662763E-8;0.0;0.0;1.2947122084768843E-8;
0.0;0.0;1.1652409876291959E-8;1.4385691205298714E-8;
1.5984101339220792E-8;0.0;1.2947122084768843E-8;0.0;
0.0;0.0;0.0;0.0;
2.961886248222989E-9;3.656649689164184E-9;0.0;0.0;
0.0;0.0;0.0;0.0;
0.0;0.0;0.0;3.713198350048727E-8;
0.0;0.0;3.341878515043855E-8;4.125775944498586E-8;
4.5841954938873176E-8;0.0;3.713198350048727E-8;0.0;
0.0;0.0;0.0;0.0;
0.0;6.8806315078516394E-9;0.0;5.573311521359828E-9;
0.0;0.0;6.192568357066476E-9;5.015980369223846E-9;
0.0;0.0;5.573311521359828E-9;0.0;
0.0;0.0;0.0;0.0;
2.4362294374669703E-8;1.973345844348246E-8;0.0;0.0;
0.0;0.0;0.0;0.0;
2.916779392827785E-10;2.3625913081905064E-10;0.0;0.0;
0.0;0.0;0.0;0.0;
1.0327458767840333E-9;1.2749949096099177E-9;0.0;0.0;
0.0;0.0;0.0;0.0;
0.0;0.0;0.0;0.0;
0.0;0.0;0.0;0.0;
0.0;0.0;0.0;0.0;
0.0;0.0;0.0;0.0;
0.0;0.0;0.0;0.0;
0.0;0.0;0.0;0.0;
0.0;0.0;0.0;0.0;
0.0;0.0;0.0;0.0;
0.0;0.0;0.0;0.0;
0.0;0.0;0.0;0.0;
0.0;0.0;0.0;0.0;
0.0;0.0;0.0;0.0;
0.0;0.0;0.0;0.0;
0.0;0.0;0.0;0.0;
0.0;0.0;0.0;0.0;
0.0;0.0;0.0;0.0;
0.0;0.0;0.0;0.0;
0.0;0.0;0.0;0.0;
0.0;0.0;0.0;0.0;
0.0;0.0;0.0;0.0;
0.0;0.0;0.0;0.0;
0.0;0.0;0.0;0.0;
0.0;0.0;0.0;0.0;
0.0;0.0;0.0;0.0;
0.0;0.0;0.0;0.0;
0.0;0.0;0.0;0.0;
0.0;0.0;0.0;0.0;
0.0;0.0;0.0;0.0;
0.0;0.0;0.0;0.0;
0.0;0.0;0.0;0.0;
0.0;0.0;0.0;0.0;
0.0;0.0;0.0;0.0;
0.0;0.0;0.0;0.0;
0.0;0.0;0.0;0.0;
0.0;0.0;0.0;0.0;
0.0;0.0;0.0;0.0;
0.0;0.0;0.0;0.0;
0.0;0.0;0.0;0.0;
0.0;0.0;0.0;0.0;
6.192568357066476E-9;5.015980369223846E-9;0.0;0.0;
0.0;0.0;0.0;0.0;
0.0;0.0;0.0;0.0;
0.0;0.0;0.0;0.0;
0.0;0.0;0.0;0.0;
0.0;0.0;0.0;0.0;
3.2909847202477655E-9;4.062944099071315E-9;0.0;0.0;
0.0;0.0;0.0;0.0;
0.0;0.0;0.0;0.0;
0.0;0.0;0.0;0.0;
0.0;0.0;0.0;0.0;
0.0;0.0;0.0;0.0;
6.192568357066476E-9;7.645146119835154E-9;0.0;0.0;
0.0;0.0;0.0;0.0;
0.0;0.0;0.0;0.0;
0.0;0.0;0.0;0.0;
2.1926064937202732E-8;1.7760112599134214E-8;0.0;0.0;
0.0;0.0;0.0;0.0;
2.625101453545007E-10;2.1263321773714558E-10;0.0;0.0;
0.0;0.0;0.0;0.0;
1.1474954186489259E-9;1.4166610106776862E-9;0.0;0.0;
0.0;0.0;0.0;0.0;
0.0;0.0;0.0;0.0;
0.0;0.0;0.0;0.0;
0.0;0.0;0.0;0.0;
0.0;0.0;0.0;0.0;
0.0;0.0;0.0;0.0;
0.0;0.0;0.0;0.0;
0.0;0.0;0.0;0.0;
0.0;0.0;0.0;0.0;
0.0;0.0;0.0;0.0;
0.0;0.0;0.0;0.0;
0.0;0.0;0.0;0.0;
0.0;0.0;0.0;0.0;
0.0;0.0;0.0;0.0;
0.0;0.0;0.0;0.0;
0.0;0.0;0.0;0.0;
0.0;0.0;0.0;0.0;
0.0;0.0;0.0;0.0;
0.0;0.0;0.0;0.0;
0.0;0.0;0.0;0.0;
0.0;0.0;0.0;0.0;
0.0;0.0;0.0;0.0;
0.0;0.0;0.0;0.0;
0.0;0.0;0.0;0.0;
0.0;0.0;0.0;0.0;
0.0;0.0;0.0;0.0;
0.0;0.0;0.0;0.0;
0.0;0.0;0.0;0.0;
0.0;0.0;0.0;0.0;
0.0;0.0;0.0;0.0;
0.0;0.0;0.0;0.0;
0.0;0.0;0.0;0.0;
0.0;0.0;0.0;0.0;
0.0;0.0;0.0;0.0;
0.0;0.0;0.0;0.0;
0.0;0.0;0.0;0.0;
0.0;0.0;0.0;0.0;
0.0;0.0;0.0;0.0;
0.0;0.0;0.0;0.0;
0.0;0.0;0.0;0.0;
5.573311521359828E-9;4.514382332301461E-9;0.0;4.514382332301461E-9;
0.0;0.0;5.015980369223846E-9;4.062944099071315E-9;
0.0;3.656649689164184E-9;4.514382332301461E-9;0.0;
0.0;0.0;0.0;0.0;
0.0;1.5740677896418736E-9;0.0;0.0;
0.0;0.0;0.0;0.0;
3.656649689164184E-9;0.0;0.0;4.514382332301461E-9;
0.0;0.0;4.062944099071315E-9;5.015980369223846E-9;
0.0;4.514382332301461E-9;4.514382332301461E-9;5.573311521359828E-9;
0.0;0.0;5.015980369223846E-9;6.192568357066476E-9;
0.0;6.8806315078516394E-9;5.573311521359828E-9;0.0;
0.0;0.0;0.0;0.0;
6.8806315078516394E-9;0.0;0.0;8.494606799816839E-9;
0.0;0.0;7.645146119835154E-9;9.438451999796487E-9;
0.0;1.0487168888662763E-8;8.494606799816839E-9;0.0;
0.0;0.0;0.0;0.0;
1.973345844348246E-8;1.5984101339220792E-8;0.0;0.0;
0.0;0.0;0.0;0.0;
2.3625913081905064E-10;1.9136989596343102E-10;0.0;0.0;
0.0;0.0;0.0;0.0;
1.2749949096099177E-9;1.5740677896418736E-9;0.0;0.0;
0.0;0.0;0.0;0.0;
0.0;0.0;0.0;0.0;
0.0;0.0;0.0;0.0;
0.0;0.0;0.0;0.0;
0.0;0.0;0.0;0.0;
0.0;0.0;0.0;0.0;
0.0;0.0;0.0;0.0;
0.0;0.0;0.0;0.0;
0.0;0.0;0.0;0.0;
0.0;0.0;0.0;0.0;
0.0;0.0;0.0;0.0;
0.0;0.0;0.0;0.0;
0.0;0.0;0.0;0.0;
0.0;0.0;0.0;0.0;
0.0;0.0;0.0;0.0;
0.0;0.0;0.0;0.0;
0.0;0.0;0.0;0.0;
0.0;0.0;0.0;0.0;
0.0;0.0;0.0;0.0;
0.0;0.0;0.0;0.0;
0.0;0.0;0.0;0.0;
0.0;0.0;0.0;0.0;
0.0;0.0;0.0;0.0;
0.0;0.0;0.0;0.0;
0.0;0.0;0.0;0.0;
0.0;0.0;0.0;0.0;
0.0;0.0;0.0;0.0;
0.0;0.0;0.0;0.0;
0.0;0.0;0.0;0.0;
0.0;0.0;0.0;0.0;
0.0;0.0;0.0;0.0;
0.0;0.0;0.0;0.0;
0.0;0.0;0.0;0.0;
0.0;0.0;0.0;0.0;
0.0;0.0;0.0;0.0;
0.0;0.0;0.0;0.0;
0.0;0.0;0.0;0.0;
0.0;0.0;0.0;0.0;
0.0;0.0;0.0;0.0;
0.0;0.0;0.0;0.0;
5.015980369223846E-9;4.062944099071315E-9;0.0;0.0;
0.0;0.0;0.0;0.0;
4.062944099071315E-9;3.2909847202477655E-9;0.0;0.0;
0.0;0.0;0.0;0.0;
1.4166610106776862E-9;1.748964210713193E-9;0.0;0.0;
0.0;0.0;0.0;0.0;
0.0;0.0;0.0;0.0;
0.0;0.0;0.0;0.0;
5.015980369223846E-9;4.062944099071315E-9;0.0;0.0;
0.0;0.0;0.0;0.0;
6.192568357066476E-9;7.645146119835154E-9;0.0;0.0;
0.0;0.0;0.0;0.0;
0.0;0.0;0.0;0.0;
0.0;0.0;0.0;0.0;
9.438451999796487E-9;1.1652409876291959E-8;0.0;0.0;
0.0;0.0;0.0;0.0;
1.7760112599134214E-8;1.4385691205298714E-8;0.0;0.0;
0.0;0.0;0.0;0.0;
2.1263321773714558E-10;1.722329063670879E-10;0.0;0.0;
0.0;0.0;0.0;0.0;
1.4166610106776862E-9;1.748964210713193E-9;0.0;0.0;
0.0;0.0;0.0;0.0;
0.0;0.0;0.0;0.0;
0.0;0.0;0.0;0.0;
0.0;0.0;0.0;0.0;
0.0;0.0;0.0;0.0;
0.0;0.0;0.0;0.0;
0.0;0.0;0.0;0.0;
0.0;0.0;0.0;0.0;
0.0;0.0;0.0;0.0;
0.0;0.0;0.0;0.0;
0.0;0.0;0.0;0.0;
0.0;0.0;0.0;0.0;
0.0;0.0;0.0;0.0;
0.0;0.0;0.0;0.0;
0.0;0.0;0.0;0.0;
0.0;0.0;0.0;0.0;
0.0;0.0;0.0;0.0;
0.0;0.0;0.0;0.0;
0.0;0.0;0.0;0.0;
0.0;0.0;0.0;0.0;
0.0;0.0;0.0;0.0;
0.0;0.0;0.0;0.0;
0.0;0.0;0.0;0.0;
0.0;0.0;0.0;0.0;
0.0;0.0;0.0;0.0;
0.0;0.0;0.0;0.0;
0.0;0.0;0.0;0.0;
0.0;0.0;0.0;0.0;
0.0;0.0;0.0;0.0;
0.0;0.0;0.0;0.0;
0.0;0.0;0.0;0.0;
0.0;0.0;0.0;0.0;
0.0;0.0;0.0;0.0;
0.0;0.0;0.0;0.0;
0.0;0.0;0.0;0.0;
0.0;0.0;0.0;0.0;
0.0;0.0;0.0;0.0;
0.0;0.0;0.0;0.0;
0.0;0.0;0.0;0.0;
0.0;0.0;0.0;0.0;
4.514382332301461E-9;0.0;0.0;0.0;
0.0;0.0;0.0;0.0;
3.656649689164184E-9;2.961886248222989E-9;0.0;0.0;
0.0;0.0;0.0;0.0;
1.5740677896418736E-9;1.943293567459103E-9;0.0;0.0;
0.0;0.0;0.0;0.0;
0.0;2.961886248222989E-9;0.0;3.656649689164184E-9;
0.0;0.0;3.2909847202477655E-9;4.062944099071315E-9;
4.514382332301461E-9;3.656649689164184E-9;3.656649689164184E-9;0.0;
0.0;0.0;0.0;0.0;
6.8806315078516394E-9;6.8806315078516394E-9;0.0;8.494606799816839E-9;
0.0;0.0;7.645146119835154E-9;9.438451999796487E-9;
0.0;0.0;8.494606799816839E-9;1.0487168888662763E-8;
0.0;0.0;9.438451999796487E-9;1.1652409876291959E-8;
1.0487168888662763E-8;1.0487168888662763E-8;1.0487168888662763E-8;1.2947122084768843E-8;
0.0;0.0;1.1652409876291959E-8;1.4385691205298714E-8;
1.5984101339220792E-8;0.0;1.2947122084768843E-8;0.0;
0.0;0.0;0.0;0.0;
1.9136989596343102E-10;0.0;0.0;0.0;
0.0;0.0;0.0;0.0;
1.5740677896418736E-9;1.943293567459103E-9;0.0;0.0;
0.0;0.0;0.0;0.0;
0.0;0.0;0.0;0.0;
0.0;0.0;0.0;0.0;
0.0;0.0;0.0;0.0;
0.0;0.0;0.0;0.0;
0.0;0.0;0.0;0.0;
0.0;0.0;0.0;0.0;
0.0;0.0;0.0;0.0;
0.0;0.0;0.0;0.0;
0.0;0.0;0.0;0.0;
0.0;0.0;0.0;0.0;
0.0;0.0;0.0;0.0;
0.0;0.0;0.0;0.0;
0.0;0.0;0.0;0.0;
0.0;0.0;0.0;0.0;
0.0;0.0;0.0;0.0;
0.0;0.0;0.0;0.0;
0.0;0.0;0.0;0.0;
0.0;0.0;0.0;0.0;
0.0;0.0;0.0;0.0;
0.0;0.0;0.0;0.0;
0.0;0.0;0.0;0.0;
0.0;0.0;0.0;0.0;
0.0;0.0;0.0;0.0;
0.0;0.0;0.0;0.0;
0.0;0.0;0.0;0.0;
0.0;0.0;0.0;0.0;
0.0;0.0;0.0;0.0;
0.0;0.0;0.0;0.0;
0.0;0.0;0.0;0.0;
0.0;0.0;0.0;0.0;
0.0;0.0;0.0;0.0;
0.0;0.0;0.0;0.0;
0.0;0.0;0.0;0.0;
0.0;0.0;0.0;0.0;
0.0;0.0;0.0;0.0;
0.0;0.0;0.0;0.0;
0.0;0.0;0.0;0.0;
0.0;0.0;0.0;0.0;
0.0;0.0;0.0;0.0;
0.0;0.0;0.0;0.0;
0.0;0.0;0.0;0.0;
3.2909847202477655E-9;2.66569762340069E-9;0.0;0.0;
0.0;0.0;0.0;0.0;
1.748964210713193E-9;2.159215074954559E-9;0.0;0.0;
0.0;0.0;0.0;0.0;
3.2909847202477655E-9;2.66569762340069E-9;0.0;0.0;
0.0;0.0;0.0;0.0;
4.062944099071315E-9;3.2909847202477655E-9;0.0;0.0;
0.0;0.0;0.0;0.0;
7.645146119835154E-9;6.192568357066476E-9;0.0;0.0;
0.0;0.0;0.0;0.0;
0.0;0.0;0.0;0.0;
0.0;0.0;0.0;0.0;
1.1652409876291959E-8;9.438451999796487E-9;0.0;0.0;
0.0;0.0;0.0;0.0;
0.0;0.0;0.0;0.0;
0.0;0.0;0.0;0.0;
0.0;0.0;0.0;0.0;
0.0;0.0;0.0;0.0;
1.748964210713193E-9;2.159215074954559E-9;0.0;0.0;
0.0;0.0;0.0;0.0;
0.0;0.0;0.0;0.0;
0.0;0.0;0.0;0.0;
0.0;0.0;0.0;0.0;
0.0;0.0;0.0;0.0;
0.0;0.0;0.0;0.0;
0.0;0.0;0.0;0.0;
0.0;0.0;0.0;0.0;
0.0;0.0;0.0;0.0;
0.0;0.0;0.0;0.0;
0.0;0.0;0.0;0.0;
0.0;0.0;0.0;0.0;
0.0;0.0;0.0;0.0;
0.0;0.0;0.0;0.0;
0.0;0.0;0.0;0.0;
0.0;0.0;0.0;0.0;
0.0;0.0;0.0;0.0;
0.0;0.0;0.0;0.0;
0.0;0.0;0.0;0.0;
0.0;0.0;0.0;0.0;
0.0;0.0;0.0;0.0;
0.0;0.0;0.0;0.0;
0.0;0.0;0.0;0.0;
0.0;0.0;0.0;0.0;
0.0;0.0;0.0;0.0;
0.0;0.0;0.0;0.0;
0.0;0.0;0.0;0.0;
0.0;0.0;0.0;0.0;
0.0;0.0;0.0;0.0;
0.0;0.0;0.0;0.0;
0.0;0.0;0.0;0.0;
0.0;0.0;0.0;0.0;
0.0;0.0;0.0;0.0;
0.0;0.0;0.0;0.0;
0.0;0.0;0.0;0.0;
0.0;0.0;0.0;0.0;
0.0;0.0;0.0;0.0;
0.0;0.0;0.0;0.0;
0.0;1.2749949096099177E-9;0.0;0.0;
0.0;0.0;0.0;0.0;
0.0;1.943293567459103E-9;0.0;2.399127861060621E-9;
0.0;0.0;2.159215074954559E-9;2.66569762340069E-9;
2.961886248222989E-9;0.0;2.399127861060621E-9;0.0;
0.0;0.0;0.0;0.0;
1.943293567459103E-9;1.943293567459103E-9;0.0;2.399127861060621E-9;
0.0;0.0;2.159215074954559E-9;2.66569762340069E-9;
2.961886248222989E-9;0.0;2.399127861060621E-9;0.0;
0.0;0.0;0.0;0.0;
3.656649689164184E-9;0.0;0.0;0.0;
0.0;0.0;0.0;0.0;
6.8806315078516394E-9;0.0;0.0;5.573311521359828E-9;
0.0;0.0;6.192568357066476E-9;5.015980369223846E-9;
0.0;0.0;5.573311521359828E-9;0.0;
0.0;0.0;0.0;0.0;
1.0487168888662763E-8;0.0;0.0;8.494606799816839E-9;
0.0;0.0;9.438451999796487E-9;7.645146119835154E-9;
0.0;0.0;8.494606799816839E-9;6.8806315078516394E-9;
0.0;0.0;7.645146119835154E-9;6.192568357066476E-9;
0.0;5.573311521359828E-9;6.8806315078516394E-9;0.0;
0.0;0.0;0.0;0.0;
1.943293567459103E-9;2.399127861060621E-9;0.0;0.0;
0.0;0.0;0.0;0.0;
0.0;0.0;0.0;0.0;
0.0;0.0;0.0;0.0;
0.0;0.0;0.0;0.0;
0.0;0.0;0.0;0.0;
0.0;0.0;0.0;0.0;
0.0;0.0;0.0;0.0;
0.0;0.0;0.0;0.0;
0.0;0.0;0.0;0.0;
0.0;0.0;0.0;0.0;
0.0;0.0;0.0;0.0;
0.0;0.0;0.0;0.0;
0.0;0.0;0.0;0.0;
0.0;0.0;0.0;0.0;
0.0;0.0;0.0;0.0;
0.0;0.0;0.0;0.0;
0.0;0.0;0.0;0.0;
0.0;0.0;0.0;0.0;
0.0;0.0;0.0;0.0;
0.0;0.0;0.0;0.0;
0.0;0.0;0.0;0.0;
0.0;0.0;0.0;0.0;
0.0;0.0;0.0;0.0;
0.0;0.0;0.0;0.0;
0.0;0.0;0.0;0.0;
0.0;0.0;0.0;0.0;
0.0;0.0;0.0;0.0;
0.0;0.0;0.0;0.0;
0.0;0.0;0.0;0.0;
0.0;0.0;0.0;0.0;
0.0;0.0;0.0;0.0;
0.0;0.0;0.0;0.0;
0.0;0.0;0.0;0.0;
0.0;0.0;0.0;0.0;
0.0;0.0;0.0;0.0;
0.0;0.0;0.0;0.0;
0.0;0.0;0.0;0.0;
0.0;0.0;0.0;0.0;
1.1474954186489259E-9;1.4166610106776862E-9;0.0;0.0;
0.0;0.0;0.0;0.0;
2.159215074954559E-9;1.748964210713193E-9;0.0;0.0;
0.0;0.0;0.0;0.0;
0.0;0.0;0.0;0.0;
0.0;0.0;0.0;0.0;
2.159215074954559E-9;1.748964210713193E-9;0.0;0.0;
0.0;0.0;0.0;0.0;
0.0;0.0;0.0;0.0;
0.0;0.0;0.0;0.0;
0.0;0.0;0.0;0.0;
0.0;0.0;0.0;0.0;
0.0;0.0;0.0;0.0;
0.0;0.0;0.0;0.0;
0.0;0.0;0.0;0.0;
0.0;0.0;0.0;0.0;
0.0;0.0;0.0;0.0;
0.0;0.0;0.0;0.0;
0.0;0.0;0.0;0.0;
0.0;0.0;0.0;0.0;
6.192568357066476E-9;5.015980369223846E-9;0.0;0.0;
0.0;0.0;0.0;0.0;
2.159215074954559E-9;2.66569762340069E-9;0.0;0.0;
0.0;0.0;0.0;0.0;
0.0;0.0;0.0;0.0;
0.0;0.0;0.0;0.0;
0.0;0.0;0.0;0.0;
0.0;0.0;0.0;0.0;
0.0;0.0;0.0;0.0;
0.0;0.0;0.0;0.0;
0.0;0.0;0.0;0.0;
0.0;0.0;0.0;0.0;
0.0;0.0;0.0;0.0;
0.0;0.0;0.0;0.0;
0.0;0.0;0.0;0.0;
0.0;0.0;0.0;0.0;
0.0;0.0;0.0;0.0;
0.0;0.0;0.0;0.0;
0.0;0.0;0.0;0.0;
0.0;0.0;0.0;0.0;
0.0;0.0;0.0;0.0;
0.0;0.0;0.0;0.0;
0.0;0.0;0.0;0.0;
0.0;0.0;0.0;0.0;
0.0;0.0;0.0;0.0;
0.0;0.0;0.0;0.0;
0.0;0.0;0.0;0.0;
0.0;0.0;0.0;0.0;
0.0;0.0;0.0;0.0;
0.0;0.0;0.0;0.0;
0.0;0.0;0.0;0.0;
0.0;0.0;0.0;0.0;
0.0;0.0;0.0;0.0;
0.0;0.0;0.0;0.0;
0.0;0.0;0.0;0.0;
0.0;0.0;0.0;0.0;
0.0;0.0;0.0;0.0;
0.0;0.0;0.0;0.0;
0.0;0.0;0.0;0.0;
0.0;0.0;0.0;0.0;
0.0;0.0;0.0;0.0;
1.2749949096099177E-9;0.0;0.0;1.5740677896418736E-9;
0.0;0.0;1.4166610106776862E-9;1.748964210713193E-9;
1.943293567459103E-9;0.0;1.5740677896418736E-9;1.5740677896418736E-9;
0.0;0.0;1.748964210713193E-9;1.4166610106776862E-9;
0.0;0.0;1.5740677896418736E-9;0.0;
0.0;0.0;0.0;0.0;
1.943293567459103E-9;1.5740677896418736E-9;0.0;1.5740677896418736E-9;
0.0;0.0;1.748964210713193E-9;1.4166610106776862E-9;
0.0;0.0;1.5740677896418736E-9;1.2749949096099177E-9;
0.0;0.0;1.4166610106776862E-9;1.1474954186489259E-9;
0.0;0.0;1.2749949096099177E-9;1.0327458767840333E-9;
0.0;0.0;1.1474954186489259E-9;9.294712891056299E-10;
0.0;0.0;1.0327458767840333E-9;8.365241601950669E-10;
0.0;0.0;9.294712891056299E-10;7.528717441755603E-10;
0.0;0.0;8.365241601950669E-10;6.775845697580042E-10;
0.0;0.0;7.528717441755603E-10;6.098261127822038E-10;
0.0;5.488435015039834E-10;6.775845697580042E-10;0.0;
0.0;0.0;0.0;0.0;
0.0;3.6009622133676357E-10;0.0;0.0;
0.0;0.0;0.0;0.0;
5.573311521359828E-9;4.514382332301461E-9;0.0;0.0;
0.0;0.0;0.0;0.0;
2.399127861060621E-9;2.961886248222989E-9;0.0;0.0;
0.0;0.0;0.0;0.0;
0.0;0.0;0.0;0.0;
0.0;0.0;0.0;0.0;
0.0;0.0;0.0;0.0;
0.0;0.0;0.0;0.0;
0.0;0.0;0.0;0.0;
0.0;0.0;0.0;0.0;
0.0;0.0;0.0;0.0;
0.0;0.0;0.0;0.0;
0.0;0.0;0.0;0.0;
0.0;0.0;0.0;0.0;
0.0;0.0;0.0;0.0;
0.0;0.0;0.0;0.0;
0.0;0.0;0.0;0.0;
0.0;0.0;0.0;0.0;
0.0;0.0;0.0;0.0;
0.0;0.0;0.0;0.0;
0.0;0.0;0.0;0.0;
0.0;0.0;0.0;0.0;
0.0;0.0;0.0;0.0;
0.0;0.0;0.0;0.0;
0.0;0.0;0.0;0.0;
0.0;0.0;0.0;0.0;
0.0;0.0;0.0;0.0;
0.0;0.0;0.0;0.0;
0.0;0.0;0.0;0.0;
0.0;0.0;0.0;0.0;
0.0;0.0;0.0;0.0;
0.0;0.0;0.0;0.0;
0.0;0.0;0.0;0.0;
0.0;0.0;0.0;0.0;
0.0;0.0;0.0;0.0;
0.0;0.0;0.0;0.0;
0.0;0.0;0.0;0.0;
0.0;0.0;0.0;0.0;
0.0;0.0;0.0;0.0;
0.0;0.0;0.0;0.0;
0.0;0.0;0.0;0.0;
0.0;0.0;0.0;0.0;
0.0;0.0;0.0;0.0;
0.0;0.0;0.0;0.0;
0.0;0.0;0.0;0.0;
0.0;0.0;0.0;0.0;
0.0;0.0;0.0;0.0;
1.748964210713193E-9;1.4166610106776862E-9;0.0;0.0;
0.0;0.0;0.0;0.0;
0.0;0.0;0.0;0.0;
0.0;0.0;0.0;0.0;
0.0;0.0;0.0;0.0;
0.0;0.0;0.0;0.0;
0.0;0.0;0.0;0.0;
0.0;0.0;0.0;0.0;
0.0;0.0;0.0;0.0;
0.0;0.0;0.0;0.0;
6.098261127822038E-10;4.939591513535851E-10;0.0;0.0;
0.0;0.0;0.0;0.0;
3.2408659920308724E-10;4.0010691259640395E-10;0.0;0.0;
0.0;0.0;0.0;0.0;
5.015980369223846E-9;4.062944099071315E-9;0.0;0.0;
0.0;0.0;0.0;0.0;
2.66569762340069E-9;3.2909847202477655E-9;0.0;0.0;
0.0;0.0;0.0;0.0;
0.0;0.0;0.0;0.0;
0.0;0.0;0.0;0.0;
0.0;0.0;0.0;0.0;
0.0;0.0;0.0;0.0;
0.0;0.0;0.0;0.0;
0.0;0.0;0.0;0.0;
0.0;0.0;0.0;0.0;
0.0;0.0;0.0;0.0;
0.0;0.0;0.0;0.0;
0.0;0.0;0.0;0.0;
0.0;0.0;0.0;0.0;
0.0;0.0;0.0;0.0;
0.0;0.0;0.0;0.0;
0.0;0.0;0.0;0.0;
0.0;0.0;0.0;0.0;
0.0;0.0;0.0;0.0;
0.0;0.0;0.0;0.0;
0.0;0.0;0.0;0.0;
0.0;0.0;0.0;0.0;
0.0;0.0;0.0;0.0;
0.0;0.0;0.0;0.0;
0.0;0.0;0.0;0.0;
0.0;0.0;0.0;0.0;
0.0;0.0;0.0;0.0;
0.0;0.0;0.0;0.0;
0.0;0.0;0.0;0.0;
0.0;0.0;0.0;0.0;
0.0;0.0;0.0;0.0;
0.0;0.0;0.0;0.0;
0.0;0.0;0.0;0.0;
0.0;0.0;0.0;0.0;
0.0;0.0;0.0;0.0;
0.0;0.0;0.0;0.0;
0.0;0.0;0.0;0.0;
0.0;0.0;0.0;0.0;
0.0;0.0;0.0;0.0;
0.0;0.0;0.0;0.0;
0.0;6.775845697580042E-10;0.0;8.365241601950669E-10;
0.0;0.0;7.528717441755603E-10;9.294712891056299E-10;
0.0;0.0;8.365241601950669E-10;1.0327458767840333E-9;
0.0;0.0;9.294712891056299E-10;1.1474954186489259E-9;
0.0;0.0;1.0327458767840333E-9;1.2749949096099177E-9;
0.0;0.0;1.1474954186489259E-9;1.4166610106776862E-9;
1.5740677896418736E-9;0.0;1.2749949096099177E-9;1.2749949096099177E-9;
0.0;0.0;1.4166610106776862E-9;1.1474954186489259E-9;
0.0;1.0327458767840333E-9;1.2749949096099177E-9;0.0;
0.0;0.0;0.0;0.0;
0.0;2.3625913081905064E-10;0.0;2.916779392827785E-10;
0.0;0.0;2.625101453545007E-10;3.2408659920308724E-10;
0.0;2.916779392827785E-10;2.916779392827785E-10;3.6009622133676357E-10;
0.0;0.0;3.2408659920308724E-10;4.0010691259640395E-10;
0.0;0.0;3.6009622133676357E-10;4.445632362182266E-10;
0.0;0.0;4.0010691259640395E-10;4.939591513535851E-10;
5.488435015039834E-10;0.0;4.445632362182266E-10;4.445632362182266E-10;
0.0;0.0;4.939591513535851E-10;4.0010691259640395E-10;
3.6009622133676357E-10;0.0;4.445632362182266E-10;0.0;
0.0;0.0;0.0;0.0;
4.514382332301461E-9;0.0;0.0;3.656649689164184E-9;
0.0;0.0;4.062944099071315E-9;3.2909847202477655E-9;
2.961886248222989E-9;0.0;3.656649689164184E-9;0.0;
0.0;0.0;0.0;0.0;
0.0;0.0;0.0;0.0;
0.0;0.0;0.0;0.0;
0.0;0.0;0.0;0.0;
0.0;0.0;0.0;0.0;
0.0;0.0;0.0;0.0;
0.0;0.0;0.0;0.0;
0.0;0.0;0.0;0.0;
0.0;0.0;0.0;0.0;
0.0;0.0;0.0;0.0;
0.0;0.0;0.0;0.0;
0.0;0.0;0.0;0.0;
0.0;0.0;0.0;0.0;
0.0;0.0;0.0;0.0;
0.0;0.0;0.0;0.0;
0.0;0.0;0.0;0.0;
0.0;0.0;0.0;0.0;
0.0;0.0;0.0;0.0;
0.0;0.0;0.0;0.0;
0.0;0.0;0.0;0.0;
0.0;0.0;0.0;0.0;
0.0;0.0;0.0;0.0;
0.0;0.0;0.0;0.0;
0.0;0.0;0.0;0.0;
0.0;0.0;0.0;0.0;
0.0;0.0;0.0;0.0;
0.0;0.0;0.0;0.0;
0.0;0.0;0.0;0.0;
0.0;0.0;0.0;0.0;
0.0;0.0;0.0;0.0;
0.0;0.0;0.0;0.0;
0.0;0.0;0.0;0.0;
0.0;0.0;0.0;0.0;
0.0;0.0;0.0;0.0;
0.0;0.0;0.0;0.0;
0.0;0.0;0.0;0.0;
0.0;0.0;0.0;0.0;
0.0;0.0;0.0;0.0;
7.528717441755603E-10;6.098261127822038E-10;0.0;0.0;
0.0;0.0;0.0;0.0;
0.0;0.0;0.0;0.0;
0.0;0.0;0.0;0.0;
0.0;0.0;0.0;0.0;
0.0;0.0;0.0;0.0;
0.0;0.0;0.0;0.0;
0.0;0.0;0.0;0.0;
1.1474954186489259E-9;9.294712891056299E-10;0.0;0.0;
0.0;0.0;0.0;0.0;
2.625101453545007E-10;2.1263321773714558E-10;0.0;0.0;
0.0;0.0;0.0;0.0;
3.2408659920308724E-10;2.625101453545007E-10;0.0;0.0;
0.0;0.0;0.0;0.0;
0.0;0.0;0.0;0.0;
0.0;0.0;0.0;0.0;
0.0;0.0;0.0;0.0;
0.0;0.0;0.0;0.0;
0.0;0.0;0.0;0.0;
0.0;0.0;0.0;0.0;
0.0;0.0;0.0;0.0;
0.0;0.0;0.0;0.0;
0.0;0.0;0.0;0.0;
0.0;0.0;0.0;0.0;
0.0;0.0;0.0;0.0;
0.0;0.0;0.0;0.0;
0.0;0.0;0.0;0.0;
0.0;0.0;0.0;0.0;
0.0;0.0;0.0;0.0;
0.0;0.0;0.0;0.0;
0.0;0.0;0.0;0.0;
0.0;0.0;0.0;0.0;
0.0;0.0;0.0;0.0;
0.0;0.0;0.0;0.0;
0.0;0.0;0.0;0.0;
0.0;0.0;0.0;0.0;
0.0;0.0;0.0;0.0;
0.0;0.0;0.0;0.0;
0.0;0.0;0.0;0.0;
0.0;0.0;0.0;0.0;
0.0;0.0;0.0;0.0;
0.0;0.0;0.0;0.0;
0.0;0.0;0.0;0.0;
0.0;0.0;0.0;0.0;
0.0;0.0;0.0;0.0;
0.0;0.0;0.0;0.0;
0.0;0.0;0.0;0.0;
0.0;0.0;0.0;0.0;
0.0;0.0;0.0;0.0;
0.0;0.0;0.0;0.0;
0.0;0.0;0.0;0.0;
0.0;0.0;0.0;0.0;
0.0;0.0;0.0;0.0;
0.0;0.0;0.0;0.0;
0.0;0.0;0.0;0.0;
0.0;0.0;0.0;0.0;
0.0;0.0;0.0;0.0;
0.0;0.0;0.0;0.0;
0.0;0.0;0.0;0.0;
0.0;0.0;0.0;0.0;
0.0;0.0;0.0;0.0;
6.775845697580042E-10;5.488435015039834E-10;0.0;0.0;
0.0;0.0;0.0;0.0;
0.0;3.5461228075871427E-11;0.0;4.377929392082892E-11;
0.0;0.0;3.940136452874603E-11;4.864365991203213E-11;
0.0;0.0;4.377929392082892E-11;5.404851101336904E-11;
0.0;0.0;4.864365991203213E-11;6.00539011259656E-11;
0.0;6.672655680662843E-11;5.404851101336904E-11;0.0;
0.0;0.0;0.0;0.0;
1.0327458767840333E-9;0.0;0.0;0.0;
0.0;0.0;0.0;0.0;
2.3625913081905064E-10;1.9136989596343102E-10;0.0;0.0;
0.0;0.0;0.0;0.0;
2.916779392827785E-10;2.3625913081905064E-10;0.0;0.0;
0.0;0.0;0.0;0.0;
0.0;0.0;0.0;6.672655680662843E-11;
0.0;0.0;6.00539011259656E-11;7.41406186740316E-11;
0.0;0.0;6.672655680662843E-11;8.237846519336844E-11;
0.0;0.0;7.41406186740316E-11;9.15316279926316E-11;
0.0;1.0170180888070178E-10;8.237846519336844E-11;8.237846519336844E-11;
0.0;0.0;9.15316279926316E-11;7.41406186740316E-11;
0.0;0.0;8.237846519336844E-11;6.672655680662843E-11;
0.0;0.0;7.41406186740316E-11;6.00539011259656E-11;
0.0;5.404851101336904E-11;6.672655680662843E-11;0.0;
0.0;0.0;0.0;0.0;
0.0;0.0;0.0;0.0;
0.0;0.0;0.0;0.0;
0.0;0.0;0.0;0.0;
0.0;0.0;0.0;0.0;
0.0;0.0;0.0;0.0;
0.0;0.0;0.0;0.0;
0.0;0.0;0.0;0.0;
0.0;0.0;0.0;0.0;
0.0;0.0;0.0;0.0;
0.0;0.0;0.0;0.0;
0.0;0.0;0.0;0.0;
0.0;0.0;0.0;0.0;
0.0;0.0;0.0;0.0;
0.0;0.0;0.0;0.0;
0.0;0.0;0.0;0.0;
0.0;0.0;0.0;0.0;
0.0;0.0;0.0;0.0;
0.0;0.0;0.0;0.0;
0.0;0.0;0.0;0.0;
0.0;0.0;0.0;0.0;
0.0;0.0;0.0;0.0;
0.0;0.0;0.0;0.0;
0.0;0.0;0.0;0.0;
0.0;0.0;0.0;0.0;
0.0;0.0;0.0;0.0;
0.0;0.0;0.0;0.0;
0.0;0.0;0.0;0.0;
0.0;0.0;0.0;0.0;
0.0;0.0;0.0;0.0;
0.0;0.0;0.0;0.0;
0.0;0.0;0.0;0.0;
0.0;0.0;0.0;0.0;
0.0;0.0;0.0;0.0;
0.0;0.0;0.0;0.0;
0.0;0.0;0.0;0.0;
0.0;0.0;0.0;0.0;
0.0;0.0;0.0;0.0;
6.098261127822038E-10;4.939591513535851E-10;0.0;0.0;
0.0;0.0;0.0;0.0;
3.940136452874603E-11;3.1915105268284286E-11;0.0;0.0;
0.0;0.0;0.0;0.0;
0.0;0.0;0.0;0.0;
0.0;0.0;0.0;0.0;
6.00539011259656E-11;7.41406186740316E-11;0.0;0.0;
0.0;0.0;0.0;0.0;
0.0;0.0;0.0;0.0;
0.0;0.0;0.0;0.0;
2.1263321773714558E-10;1.722329063670879E-10;0.0;0.0;
0.0;0.0;0.0;0.0;
2.625101453545007E-10;2.1263321773714558E-10;0.0;0.0;
0.0;0.0;0.0;0.0;
0.0;0.0;0.0;0.0;
0.0;0.0;0.0;0.0;
0.0;0.0;0.0;0.0;
0.0;0.0;0.0;0.0;
9.15316279926316E-11;1.1300200986744641E-10;0.0;0.0;
0.0;0.0;0.0;0.0;
0.0;0.0;0.0;0.0;
0.0;0.0;0.0;0.0;
6.00539011259656E-11;4.864365991203213E-11;0.0;0.0;
0.0;0.0;0.0;0.0;
0.0;0.0;0.0;0.0;
0.0;0.0;0.0;0.0;
0.0;0.0;0.0;0.0;
0.0;0.0;0.0;0.0;
0.0;0.0;0.0;0.0;
0.0;0.0;0.0;0.0;
0.0;0.0;0.0;0.0;
0.0;0.0;0.0;0.0;
0.0;0.0;0.0;0.0;
0.0;0.0;0.0;0.0;
0.0;0.0;0.0;0.0;
0.0;0.0;0.0;0.0;
0.0;0.0;0.0;0.0;
0.0;0.0;0.0;0.0;
0.0;0.0;0.0;0.0;
0.0;0.0;0.0;0.0;
0.0;0.0;0.0;0.0;
0.0;0.0;0.0;0.0;
0.0;0.0;0.0;0.0;
0.0;0.0;0.0;0.0;
0.0;0.0;0.0;0.0;
0.0;0.0;0.0;0.0;
0.0;0.0;0.0;0.0;
0.0;0.0;0.0;0.0;
0.0;0.0;0.0;0.0;
0.0;0.0;0.0;0.0;
0.0;0.0;0.0;0.0;
0.0;0.0;0.0;0.0;
0.0;0.0;0.0;0.0;
0.0;0.0;0.0;0.0;
0.0;0.0;0.0;0.0;
0.0;0.0;0.0;0.0;
0.0;0.0;0.0;0.0;
0.0;2.916779392827785E-10;0.0;3.6009622133676357E-10;
0.0;0.0;3.2408659920308724E-10;4.0010691259640395E-10;
0.0;3.6009622133676357E-10;3.6009622133676357E-10;4.445632362182266E-10;
0.0;0.0;4.0010691259640395E-10;4.939591513535851E-10;
5.488435015039834E-10;0.0;4.445632362182266E-10;0.0;
0.0;0.0;0.0;0.0;
3.5461228075871427E-11;0.0;0.0;2.872359474145586E-11;
0.0;0.0;3.1915105268284286E-11;2.5851235267310273E-11;
0.0;2.3266111740579247E-11;2.872359474145586E-11;0.0;
0.0;0.0;0.0;0.0;
6.672655680662843E-11;0.0;0.0;8.237846519336844E-11;
0.0;0.0;7.41406186740316E-11;9.15316279926316E-11;
0.0;1.0170180888070178E-10;8.237846519336844E-11;0.0;
0.0;0.0;0.0;0.0;
1.9136989596343102E-10;0.0;0.0;0.0;
0.0;0.0;0.0;0.0;
2.3625913081905064E-10;1.9136989596343102E-10;0.0;1.9136989596343102E-10;
0.0;0.0;2.1263321773714558E-10;1.722329063670879E-10;
0.0;1.5500961573037914E-10;1.9136989596343102E-10;1.5500961573037914E-10;
0.0;0.0;1.722329063670879E-10;1.3950865415734123E-10;
0.0;0.0;1.5500961573037914E-10;1.2555778874160712E-10;
0.0;0.0;1.3950865415734123E-10;1.1300200986744641E-10;
1.0170180888070178E-10;0.0;1.2555778874160712E-10;0.0;
0.0;0.0;0.0;0.0;
0.0;3.5461228075871427E-11;0.0;4.377929392082892E-11;
0.0;0.0;3.940136452874603E-11;4.864365991203213E-11;
5.404851101336904E-11;0.0;4.377929392082892E-11;0.0;
0.0;0.0;0.0;0.0;
0.0;0.0;0.0;0.0;
0.0;0.0;0.0;0.0;
0.0;0.0;0.0;0.0;
0.0;0.0;0.0;0.0;
0.0;0.0;0.0;0.0;
0.0;0.0;0.0;0.0;
0.0;0.0;0.0;0.0;
0.0;0.0;0.0;0.0;
0.0;0.0;0.0;0.0;
0.0;0.0;0.0;0.0;
0.0;0.0;0.0;0.0;
0.0;0.0;0.0;0.0;
0.0;0.0;0.0;0.0;
0.0;0.0;0.0;0.0;
0.0;0.0;0.0;0.0;
0.0;0.0;0.0;0.0;
0.0;0.0;0.0;0.0;
0.0;0.0;0.0;0.0;
0.0;0.0;0.0;0.0;
0.0;0.0;0.0;0.0;
0.0;0.0;0.0;0.0;
0.0;0.0;0.0;0.0;
0.0;0.0;0.0;0.0;
0.0;0.0;0.0;0.0;
0.0;0.0;0.0;0.0;
0.0;0.0;0.0;0.0;
0.0;0.0;0.0;0.0;
0.0;0.0;0.0;0.0;
0.0;0.0;0.0;0.0;
0.0;0.0;0.0;0.0;
0.0;0.0;0.0;0.0;
0.0;0.0;0.0;0.0;
0.0;0.0;0.0;0.0;
3.2408659920308724E-10;2.625101453545007E-10;0.0;0.0;
0.0;0.0;0.0;0.0;
4.0010691259640395E-10;3.2408659920308724E-10;0.0;0.0;
0.0;0.0;0.0;0.0;
0.0;0.0;0.0;0.0;
0.0;0.0;0.0;0.0;
0.0;0.0;0.0;0.0;
0.0;0.0;0.0;0.0;
2.5851235267310273E-11;2.0939500566521322E-11;0.0;0.0;
0.0;0.0;0.0;0.0;
0.0;0.0;0.0;0.0;
0.0;0.0;0.0;0.0;
9.15316279926316E-11;1.1300200986744641E-10;0.0;0.0;
0.0;0.0;0.0;0.0;
0.0;0.0;0.0;0.0;
0.0;0.0;0.0;0.0;
2.1263321773714558E-10;1.722329063670879E-10;0.0;0.0;
0.0;0.0;0.0;0.0;
1.722329063670879E-10;1.3950865415734123E-10;0.0;0.0;
0.0;0.0;0.0;0.0;
0.0;0.0;0.0;0.0;
0.0;0.0;0.0;0.0;
0.0;0.0;0.0;0.0;
0.0;0.0;0.0;0.0;
3.940136452874603E-11;3.1915105268284286E-11;0.0;0.0;
0.0;0.0;0.0;0.0;
0.0;0.0;0.0;0.0;
0.0;0.0;0.0;0.0;
0.0;0.0;0.0;0.0;
0.0;0.0;0.0;0.0;
0.0;0.0;0.0;0.0;
0.0;0.0;0.0;0.0;
0.0;0.0;0.0;0.0;
0.0;0.0;0.0;0.0;
0.0;0.0;0.0;0.0;
0.0;0.0;0.0;0.0;
0.0;0.0;0.0;0.0;
0.0;0.0;0.0;0.0;
0.0;0.0;0.0;0.0;
0.0;0.0;0.0;0.0;
0.0;0.0;0.0;0.0;
0.0;0.0;0.0;0.0;
0.0;0.0;0.0;0.0;
0.0;0.0;0.0;0.0;
0.0;0.0;0.0;0.0;
0.0;0.0;0.0;0.0;
0.0;0.0;0.0;0.0;
0.0;0.0;0.0;0.0;
0.0;0.0;0.0;0.0;
0.0;0.0;0.0;0.0;
0.0;0.0;0.0;0.0;
0.0;0.0;0.0;0.0;
0.0;0.0;0.0;0.0;
0.0;0.0;0.0;0.0;
0.0;0.0;0.0;0.0;
0.0;0.0;0.0;0.0;
0.0;0.0;0.0;0.0;
0.0;0.0;0.0;0.0;
0.0;0.0;0.0;0.0;
0.0;0.0;0.0;0.0;
0.0;0.0;0.0;0.0;
2.916779392827785E-10;0.0;0.0;0.0;
0.0;0.0;0.0;0.0;
3.6009622133676357E-10;0.0;0.0;2.916779392827785E-10;
0.0;0.0;3.2408659920308724E-10;2.625101453545007E-10;
0.0;0.0;2.916779392827785E-10;2.3625913081905064E-10;
0.0;0.0;2.625101453545007E-10;2.1263321773714558E-10;
0.0;0.0;2.3625913081905064E-10;0.0;
0.0;0.0;0.0;0.0;
2.3266111740579247E-11;0.0;0.0;1.884555050986919E-11;
0.0;0.0;2.0939500566521322E-11;1.6960995458882272E-11;
0.0;0.0;1.884555050986919E-11;0.0;
0.0;0.0;0.0;0.0;
1.0170180888070178E-10;0.0;0.0;1.2555778874160712E-10;
0.0;0.0;1.1300200986744641E-10;1.3950865415734123E-10;
0.0;0.0;1.2555778874160712E-10;1.5500961573037914E-10;
0.0;0.0;1.3950865415734123E-10;1.722329063670879E-10;
1.9136989596343102E-10;0.0;1.5500961573037914E-10;0.0;
0.0;0.0;0.0;0.0;
1.5500961573037914E-10;0.0;0.0;1.2555778874160712E-10;
0.0;0.0;1.3950865415734123E-10;1.1300200986744641E-10;
0.0;0.0;1.2555778874160712E-10;1.0170180888070178E-10;
0.0;0.0;1.1300200986744641E-10;9.15316279926316E-11;
0.0;0.0;1.0170180888070178E-10;0.0;
0.0;0.0;0.0;0.0;
3.5461228075871427E-11;0.0;0.0;2.872359474145586E-11;
0.0;0.0;3.1915105268284286E-11;2.5851235267310273E-11;
0.0;0.0;2.872359474145586E-11;0.0;
0.0;0.0;0.0;0.0;
0.0;0.0;0.0;0.0;
0.0;0.0;0.0;0.0;
0.0;0.0;0.0;0.0;
0.0;0.0;0.0;0.0;
0.0;0.0;0.0;0.0;
0.0;0.0;0.0;0.0;
0.0;0.0;0.0;0.0;
0.0;0.0;0.0;0.0;
0.0;0.0;0.0;0.0;
0.0;0.0;0.0;0.0;
0.0;0.0;0.0;0.0;
0.0;0.0;0.0;0.0;
0.0;0.0;0.0;0.0;
0.0;0.0;0.0;0.0;
0.0;0.0;0.0;0.0;
0.0;0.0;0.0;0.0;
0.0;0.0;0.0;0.0;
0.0;0.0;0.0;0.0;
0.0;0.0;0.0;0.0;
0.0;0.0;0.0;0.0;
0.0;0.0;0.0;0.0;
0.0;0.0;0.0;0.0;
0.0;0.0;0.0;0.0;
0.0;0.0;0.0;0.0;
0.0;0.0;0.0;0.0;
0.0;0.0;0.0;0.0;
0.0;0.0;0.0;0.0;
0.0;0.0;0.0;0.0;
0.0;0.0;0.0;0.0;
0.0;0.0;0.0;0.0;
0.0;0.0;0.0;0.0;
0.0;0.0;0.0;0.0;
0.0;0.0;0.0;0.0;
0.0;0.0;0.0;0.0;
0.0;0.0;0.0;0.0;
0.0;0.0;0.0;0.0;
0.0;0.0;0.0;0.0;
0.0;0.0;0.0;0.0;
0.0;0.0;0.0;0.0;
0.0;0.0;0.0;0.0;
0.0;0.0;0.0;0.0;
0.0;0.0;0.0;0.0;
0.0;0.0;0.0;0.0;
0.0;0.0;0.0;0.0;
0.0;0.0;0.0;0.0;
0.0;0.0;0.0;0.0;
0.0;0.0;0.0;0.0;
0.0;0.0;0.0;0.0;
0.0;0.0;0.0;0.0;
0.0;0.0;0.0;0.0;
0.0;0.0;0.0;0.0;
0.0;0.0;0.0;0.0;
0.0;0.0;0.0;0.0;
0.0;0.0;0.0;0.0;
0.0;0.0;0.0;0.0;
0.0;0.0;0.0;0.0;
0.0;0.0;0.0;0.0;
0.0;0.0;0.0;0.0;
0.0;0.0;0.0;0.0;
0.0;0.0;0.0;0.0;
0.0;0.0;0.0;0.0;
